3
3 3
15 6
0 0 0 0 0.083334 0.166666663583281 0.25 0.333333327166562 0.416667 0.499999990749843 0.583334 0.666666660499895 0.75 0.833333330249948 0.916667 1 1 1 1 
0 0 0 0 0.333333333333333 0.666666666666667 1 1 1 1 
0.39155890107219 0.69762570694545 0.229565217391304 1
0.352540626525216 0.718707386401339 0.214425915248948 1
0.27060075663944 0.755455161430385 0.185263212747637 1
0.138958913993483 0.790995244121616 0.146371843950595 1
0.00156509102692726 0.803617883272137 0.113838934562433 1
-0.13735077453198 0.792320541171289 0.0890258173344252 1
-0.273557041889344 0.756100666191642 0.0732941813055989 1
-0.402102614736766 0.696469884116995 0.06769971952901 1
-0.518035009003184 0.614940325246219 0.0732982300433337 1
-0.617529895473288 0.51506961483353 0.0890329246415685 1
-0.696762021697568 0.400416147442228 0.113846941938119 1
-0.754508088808568 0.275131307549095 0.146379008678937 1
-0.789543958771074 0.143367961316176 0.185267495322228 1
-0.798689299291708 0.0540398973917139 0.214427505745846 1
-0.799941035083933 0.00971289806629078 0.229565217391304 1
0.39155890107219 0.69762570694545 0.204057971014493 1
0.35244072919157 0.718854372635709 0.190600813554621 1
0.270261663959931 0.755742421362641 0.164678411331233 1
0.138314342460621 0.791209464379147 0.130108305733862 1
0.000839871452299301 0.803653247010301 0.101190164055496 1
-0.137960057939978 0.792196970696328 0.0791340598528224 1
-0.27388205190515 0.755963825748258 0.0651503833827546 1
-0.402091755692518 0.696450565022767 0.0601775284702311 1
-0.517753428891909 0.615154445490813 0.0651539822607411 1
-0.617116383325009 0.515537641183472 0.079140377459172 1
-0.696429007468684 0.40106309574196 0.101197281722773 1
-0.754371542848737 0.275796511291066 0.130114674381277 1
-0.78962338957643 0.143805069941766 0.164682218064203 1
-0.798766636081141 0.0541999063549822 0.190602227329641 1
-0.799941035083933 0.00971289806629066 0.204057971014493 1
0.391558901072189 0.697625706945451 0.15304347826087 1
0.352240934524278 0.719148345104451 0.142950610165966 1
0.269583478600913 0.756316941227152 0.123508808498425 1
0.137025199394897 0.79163790489421 0.0975812293003966 1
-0.000610567696956221 0.80372397448663 0.075892623041622 1
-0.139178624755974 0.791949829746406 0.0593505448896168 1
-0.27453207193676 0.755690144861489 0.048862787537066 1
-0.402070037604022 0.696411926834313 0.0451331463526733 1
-0.517190268669358 0.615582685980002 0.0488654866955558 1
-0.616289359028451 0.516473693883355 0.059355283094379 1
-0.695762979010917 0.402356992341423 0.0758979612920797 1
-0.754098450929076 0.277126918775007 0.0975860057859581 1
-0.789782251187143 0.144679287192945 0.123511663548152 1
-0.798921309660007 0.0545199242815186 0.142951670497231 1
-0.799941035083933 0.00971289806629066 0.15304347826087 1
0.391558901072187 0.697625706945452 0.0765217391304348 1
0.351941242523339 0.719589303807563 0.0714753050829828 1
0.268566200562385 0.757178721023919 0.0617544042492124 1
0.13509148479631 0.792280565666803 0.0487906146501983 1
-0.00278622642083931 0.803830065701123 0.037946311520811 1
-0.141006474979967 0.791579118321523 0.0296752724448084 1
-0.275507101984176 0.755279623531336 0.024431393768533 1
-0.402037460471278 0.696353969551631 0.0225665731763367 1
-0.516345528335532 0.616225046713784 0.0244327433477779 1
-0.615048822583614 0.517877772933181 0.0296776415471895 1
-0.694763936324266 0.404297837240619 0.0379489806460398 1
-0.753688813049585 0.279122530000918 0.048793002892979 1
-0.790020543603211 0.145990613069713 0.061755831774076 1
-0.799153320028306 0.0549999511713233 0.0714758352486153 1
-0.799941035083933 0.00971289806629078 0.0765217391304348 1
0.391558901072186 0.697625706945452 0.0255072463768116 1
0.351741447856046 0.719883276276305 0.0238251016943276 1
0.267888015203367 0.757753240888431 0.0205848014164041 1
0.133802341730586 0.792709006181865 0.0162635382167328 1
-0.00423666557009506 0.803900793177452 0.012648770506937 1
-0.142225041795963 0.791331977371601 0.0098917574816028 1
-0.276157122015786 0.755005942644567 0.00814379792284432 1
-0.402015742382783 0.696315331363177 0.00752219105877889 1
-0.515782368112982 0.616653287202972 0.00814424778259264 1
-0.614221798287056 0.518813825633065 0.0098925471823965 1
-0.694097907866499 0.405591733840082 0.0126496602153466 1
-0.753415721129924 0.280452937484859 0.0162643342976597 1
-0.790179405213923 0.146864830320891 0.0205852772580253 1
-0.799307993607173 0.0553199690978599 0.0238252784162051 1
-0.799941035083933 0.00971289806629089 0.0255072463768116 1
0.391558901072185 0.697625706945453 0 1
0.3516415505224 0.720030262510675 0 1
0.267548922523858 0.758040500820686 0 1
0.133157770197723 0.792923226439396 0 1
-0.00496188514472273 0.803936156915616 0 1
-0.142834325203961 0.79120840689664 0 1
-0.276482132031591 0.754869102201183 0 1
-0.402004883338535 0.69629601226895 0 1
-0.515500788001707 0.616867407447567 0 1
-0.613808286138777 0.519281851983006 0 1
-0.693764893637615 0.406238682139814 0 1
-0.753279175170093 0.28111814122683 0 1
-0.79025883601928 0.147301938946481 0 1
-0.799385330396605 0.0554799780611281 0 1
-0.799941035083933 0.00971289806629083 0 1
