3
3 3
31 11
0 0 0 0 0.0500274467944116 0.100054893588823 0.133412 0.166768859508546 0.200126 0.233482825428268 0.26684 0.300196791347991 0.333554 0.366910757267713 0.400268 0.433624723187436 0.466982 0.500338689107159 0.53364 0.566939761217522 0.600241 0.633540833327884 0.666842 0.700141905438247 0.733443 0.76674297754861 0.800043 0.833344049658973 0.866645 0.899945121769336 0.949972560884668 1 1 1 1 
0 0 0 0 0.125 0.25 0.375 0.5 0.625 0.75 0.875 1 1 1 1 
0.39155890107219 0.69762570694545 0.646956521739131 1
0.378899098373242 0.675070214650267 0.640490162477371 1
0.353559713811293 0.629968385785767 0.627566170424349 1
0.319697825744725 0.56986024441676 0.610364520086956 1
0.290000908234133 0.517303824964127 0.595345873055863 1
0.264476875252583 0.472282040422178 0.582501044420187 1
0.238862876832623 0.427291840937566 0.569691641517036 1
0.213139133359265 0.382354829358082 0.556931670063162 1
0.187286188727877 0.337493174509215 0.544235296603059 1
0.161166863531111 0.292717547236212 0.531640637851567 1
0.134644378517623 0.248039304751205 0.519186003643215 1
0.107687154365474 0.203704192985071 0.506983353763186 1
0.0802640947738877 0.159958756442446 0.495144868415018 1
0.0505280004157624 0.117002857009152 0.484207635312682 1
0.0166323038323135 0.0750372526770222 0.474708967506362 1
-0.0238256337524616 0.0413404811253103 0.470324205955232 1
-0.0732520938882284 0.0231427300264671 0.474709077172092 1
-0.126547867473921 0.014743625480609 0.484197273287221 1
-0.17865744691693 0.0104641041042886 0.495142225885431 1
-0.230296587059989 0.00859174269008195 0.506992919393519 1
-0.282178083396813 0.00741438747984022 0.519197727866531 1
-0.334119477259962 0.00678379405854557 0.53164909872329 1
-0.385935697783685 0.00655177114561475 0.544238862272673 1
-0.437689528095931 0.00659357464797397 0.556929485046288 1
-0.489442986630139 0.00678446932179705 0.569683250079179 1
-0.541210547392286 0.007097037935341 0.582492073268332 1
-0.593005705536945 0.00750385654012981 0.595347627971935 1
-0.653426454589182 0.00806429672505621 0.61038047461585 1
-0.722333919133752 0.00879236470879097 0.627562547346227 1
-0.77407688806178 0.00939885510052824 0.640490008345121 1
-0.799941035083933 0.00971289806629066 0.646956521739131 1
0.39155890107219 0.69762570694545 0.629565217391304 1
0.378317504614691 0.676764254841816 0.62317166669917 1
0.351773032309309 0.634941520206055 0.610393633600604 1
0.316685515181663 0.578086642077493 0.592735617270542 1
0.286549969172532 0.526954562194019 0.576367111544793 1
0.261005140498742 0.482322914435587 0.561840617273571 1
0.235646029842959 0.437036755878755 0.546952319958625 1
0.21037599061956 0.391259453076332 0.531844279935702 1
0.185098696259469 0.34515494392823 0.516658744631155 1
0.159606655625693 0.29888635128796 0.501559205133429 1
0.13369276960102 0.252617502994266 0.486709381979461 1
0.107251707906865 0.206739436198599 0.472343310579382 1
0.0801786144697541 0.161644012273255 0.458695285683279 1
0.0506294106832338 0.117678279394353 0.446406882068619 1
0.0167606441699639 0.0751902032904197 0.436119930498163 1
-0.02380675036888 0.0413091225526079 0.43148387346771 1
-0.0734553187959245 0.0231155647947547 0.436127408815301 1
-0.127196915786778 0.0150052196813631 0.446408736810613 1
-0.180087422647138 0.0113954485476307 0.458706924831872 1
-0.232717821939076 0.010502556147783 0.472367375249181 1
-0.285676094034481 0.0105430742933473 0.486734796895481 1
-0.338689836513524 0.0112330260029108 0.501579749999118 1
-0.391483985037034 0.0122884301914053 0.516672068794568 1
-0.44402493660528 0.0134474850329533 0.531849243033266 1
-0.496278316313995 0.0144483880710629 0.546948549780241 1
-0.548173333835366 0.0151265205745519 0.561834047203452 1
-0.599638207984686 0.0153172362052631 0.576369499975302 1
-0.659042823738084 0.0147844952271075 0.59275218292701 1
-0.725748783846184 0.0128280963214953 0.610391242484248 1
-0.77525359568823 0.0107502393310105 0.623172077981636 1
-0.799941035083933 0.00971289806629066 0.629565217391304 1
0.39155890107219 0.69762570694545 0.594782608695652 1
0.377211463675585 0.680053354453975 0.588552385195692 1
0.348365458227843 0.644600634225861 0.576099938892936 1
0.310750484413529 0.594384262355876 0.557505576204506 1
0.279359575625209 0.546755759998721 0.538320175934708 1
0.253274089489138 0.503768793561229 0.520275686946904 1
0.227789370836891 0.458991233344624 0.501032691802668 1
0.202693669168765 0.41280306414577 0.481001331743168 1
0.177775555144321 0.365584838765281 0.460591990145527 1
0.15272554222131 0.317737678324817 0.440230877901329 1
0.127234531303189 0.269663425905802 0.42034451163365 1
0.1010883171934 0.221976797186204 0.401423048730344 1
0.0740731643901432 0.175293360631463 0.38395698782893 1
0.0443898632108478 0.130187632239701 0.368808848712696 1
0.0102398300610505 0.087235069163681 0.356841471899939 1
-0.0306701540085775 0.0531995825035639 0.351664496124657 1
-0.0806370194322367 0.0347963123195813 0.356864382937013 1
-0.134933769284375 0.0266806614881085 0.368836256101227 1
-0.188877527199023 0.0235294633010656 0.383998534202927 1
-0.242848244794055 0.0234831859738428 0.401477519907549 1
-0.297222816026692 0.0246824923236232 0.42039864664973 1
-0.351587460036167 0.0266386398875404 0.440276766096678 1
-0.405525671312974 0.0288628312110814 0.460625774776409 1
-0.458849591910949 0.0308858629350019 0.481021272144639 1
-0.511370587036356 0.0322385285243817 0.501038583653994 1
-0.562885858599803 0.0325485264117168 0.52027411416424 1
-0.613191609323393 0.0314435127994997 0.538323868266956 1
-0.670185799811318 0.0280694195065017 0.557523417378562 1
-0.732412352510919 0.0206117606845088 0.576100126934732 1
-0.777549689909503 0.0133537248585042 0.588553981371774 1
-0.799941035083933 0.00971289806629066 0.594782608695652 1
0.39155890107219 0.69762570694545 0.542608695652174 1
0.375710874677499 0.68471252162112 0.536512354493944 1
0.343713844147655 0.65829300006548 0.524337058201951 1
0.302096380083963 0.618400378938402 0.504486326651432 1
0.267773907043194 0.57784333282507 0.481810724753255 1
0.239493481253048 0.539720465941785 0.45945956349911 1
0.212058377057654 0.498757630769416 0.434919879507563 1
0.185191312497544 0.455474194558262 0.408928828128079 1
0.158615351032728 0.410390048496297 0.38222387360653 1
0.131975131952701 0.364077775672079 0.355550203125732 1
0.104915707572145 0.317110650406953 0.329653401279684 1
0.0771666763212591 0.270253375818477 0.305332707067773 1
0.0484581359472403 0.224271487636173 0.283387798091372 1
0.0171652975082836 0.17989517090058 0.264937509340079 1
-0.0183359711758195 0.137855533715857 0.25110107200893 1
-0.0601028027554614 0.104182467849982 0.245353177069286 1
-0.110197927755627 0.0848598213092299 0.251142769252672 1
-0.164394280033384 0.075119988850228 0.264996224671721 1
-0.218507512193342 0.0702137617169165 0.283465774204912 1
-0.272707831033275 0.0683528390968488 0.305423951877791 1
-0.327162386264642 0.0677492112073991 0.329742217684658 1
-0.3813521183348 0.0677919512739075 0.355626732515288 1
-0.434755250755653 0.067870177533634 0.38228242978166 1
-0.487059354995247 0.0673885878398571 0.40896696159087 1
-0.537951244540076 0.0657519185718671 0.434937632497774 1
-0.587136931467237 0.0624613646974538 0.459464262488501 1
-0.634321459648152 0.0570181323298389 0.481816141606978 1
-0.686651345497631 0.0475656665936118 0.504505746946631 1
-0.741946927328068 0.0314891660557316 0.52434039202778 1
-0.780834875055817 0.0169836329757777 0.536515388825281 1
-0.799941035083933 0.00971289806629061 0.542608695652174 1
0.39155890107219 0.69762570694545 0.490434782608696 1
0.374355790766567 0.689119666598892 0.484196976740357 1
0.339484357383978 0.671254219987233 0.47177536343253 1
0.293670388325692 0.642021392980079 0.451035407489946 1
0.255453628211486 0.610203287855265 0.426691415802983 1
0.223707554079354 0.579145452410055 0.40243821223604 1
0.19270426781836 0.544799447895706 0.375663282207514 1
0.162199314750419 0.507653661688611 0.347244665673255 1
0.131948630578387 0.468196925181138 0.318060739071883 1
0.101649334140659 0.427002929803209 0.288989545882709 1
0.0709990126663761 0.384645975899559 0.26090956231012 1
0.0397694192339768 0.341870405070844 0.234742994071463 1
0.00773286927139513 0.29942131348591 0.211412519614365 1
-0.0264626531602641 0.258014204122332 0.192107171893388 1
-0.0641684482070461 0.218365435813202 0.17801640187605 1
-0.107107026856439 0.185600212747288 0.172293489036359 1
-0.157009798354103 0.164802871738942 0.178066073328627 1
-0.210248981171971 0.151954885300639 0.192179795779876 1
-0.263236694246242 0.143050635103912 0.211506031663191 1
-0.316031461895576 0.136542900255715 0.234849114972281 1
-0.368688828851233 0.130884980558114 0.261012246437642 1
-0.420682507616216 0.125513593791422 0.289078442840732 1
-0.471483594948149 0.119865764657978 0.318129398037733 1
-0.520753163470224 0.113389957452008 0.347290403183193 1
-0.56815157082021 0.105534758490006 0.375686373992972 1
-0.613391720141404 0.0958447403669409 0.402446149307271 1
-0.656185617276632 0.0838646093462358 0.426697983897329 1
-0.702888341010573 0.0666660531908836 0.451055578808494 1
-0.751058428065695 0.0416337856675456 0.471780051432156 1
-0.783974110925818 0.0203607495455296 0.484200608664065 1
-0.799941035083933 0.00971289806629066 0.490434782608696 1
0.39155890107219 0.69762570694545 0.438260869565217 1
0.373079564428007 0.693390226262524 0.431670107585411 1
0.335483645682833 0.683819189899718 0.418600107313007 1
0.28536802388487 0.665428278238911 0.397252927086757 1
0.242735221849914 0.643252819955845 0.372639861624726 1
0.206834829279914 0.620452827476575 0.348331588702303 1
0.171386584004489 0.594242275756132 0.321672877182403 1
0.136232164883788 0.564986243157033 0.293539687361149 1
0.10121369733956 0.533050152703844 0.264808313514552 1
0.0661340832931563 0.498916479743902 0.236346698454666 1
0.0307967645650265 0.463068198261236 0.2090232097385 1
-0.00493104904503644 0.426136966446068 0.183740066755762 1
-0.0411815042483027 0.388755087650889 0.161399947192985 1
-0.078980541235254 0.351531059732172 0.143119127120799 1
-0.119353310003566 0.315074142574423 0.13001428121234 1
-0.163634297898913 0.283512357851765 0.124774056457177 1
-0.213170957233286 0.260939363564208 0.130063622283025 1
-0.264988636647415 0.244178973209928 0.143192295260668 1
-0.316148999295808 0.23006109247939 0.161492946848589 1
-0.366652032638575 0.217371631308716 0.183844244457631 1
-0.416494863737185 0.204897322203377 0.20912377481321 1
-0.465197116487682 0.192214567525667 0.236433927186364 1
-0.512275950891253 0.178900426216482 0.264875808343732 1
-0.557419091441167 0.164539188744476 0.293584895599098 1
-0.600313603718893 0.148715373747717 0.321696298014188 1
-0.640732437612528 0.131108999779158 0.348340433707326 1
-0.678447738251135 0.111400379058282 0.372647140628227 1
-0.71900147204434 0.0855519002291778 0.397273213374766 1
-0.759940640635481 0.0513812665456783 0.418604773367973 1
-0.787034248491801 0.0236008638417262 0.431673691473288 1
-0.799941035083933 0.00971289806629066 0.438260869565217 1
0.39155890107219 0.69762570694545 0.386086956521739 1
0.371815548147039 0.697639637487246 0.378995602679587 1
0.331518356790242 0.696322805711533 0.364996542571711 1
0.277084801507652 0.688802008472906 0.343238993808574 1
0.229955170678308 0.676409123993353 0.319333674759312 1
0.189793828166582 0.662051665651884 0.296259648442504 1
0.149764866501519 0.644211705383332 0.271358641712115 1
0.109804351854048 0.623116716583741 0.245404736174215 1
0.0698488548745089 0.59899441494846 0.219172323907499 1
0.0298153139181666 0.572221764519851 0.193419453124009 1
-0.0103787187527604 0.543176113369599 0.168904558578363 1
-0.0507623234923704 0.51236214144691 0.146410082135021 1
-0.0913638532227636 0.480285059601327 0.12671887562231 1
-0.132874919157145 0.447432065557314 0.110774665770484 1
-0.175986265536314 0.414291021118225 0.0995215297288411 1
-0.221636087470282 0.383978443819699 0.0950835037630378 1
-0.270779730398798 0.359583196740517 0.0995647432340141 1
-0.321104010406993 0.338785874948684 0.110839048949079 1
-0.370328353280128 0.319266142860685 0.12680016003193 1
-0.41840243851989 0.300157294114127 0.146500575600454 1
-0.46527321087322 0.280593757970796 0.168991844715895 1
-0.510514433556468 0.260305872562226 0.193495215665541 1
-0.553697565585756 0.239024995841512 0.219230789498759 1
-0.594545213013361 0.216485498690284 0.245443737516072 1
-0.63277938107826 0.19242208981392 0.271378894436021 1
-0.668241296870835 0.166664489293084 0.296267774775442 1
-0.700771478613964 0.139042876675567 0.319341357289889 1
-0.73509542429313 0.104404528639354 0.343258951056061 1
-0.768787350949108 0.0610672557158573 0.365000226055345 1
-0.790082138726065 0.0268197651383335 0.378998687838111 1
-0.799941035083933 0.00971289806629061 0.386086956521739 1
0.39155890107219 0.69762570694545 0.333913043478261 1
0.370560316947135 0.701873832506082 0.326212995717901 1
0.32757855444776 0.708782277526159 0.311079361092723 1
0.268815351758387 0.71215188381689 0.289055585782755 1
0.217130766345446 0.709642249955262 0.266573261789529 1
0.172631753008548 0.703860210212165 0.245677546813483 1
0.127924398138051 0.694560022593558 0.223736176251545 1
0.0830450937675838 0.681821269655954 0.201348278034257 1
0.0380307955778604 0.665723671727589 0.179113251677667 1
-0.00708158339335146 0.646528396198175 0.15760617954087 1
-0.0522544403951009 0.624496876764497 0.137402470193791 1
-0.0974072078495458 0.599996530068968 0.119091718725441 1
-0.142458504786591 0.573395185898531 0.103263857033808 1
-0.187759675281426 0.545048456650118 0.0906169923368315 1
-0.233661117945097 0.515312517884904 0.0818495130198137 1
-0.280698786436174 0.486282078656635 0.0784476384182524 1
-0.329430055478318 0.460031050647978 0.0818823541375815 1
-0.378209207233052 0.435107200431554 0.0906657595035569 1
-0.425419343226868 0.410050192957073 0.103325223228937 1
-0.470965755659361 0.38435096044061 0.119159930915559 1
-0.514751132263701 0.357501891821651 0.137468305888013 1
-0.556409295532901 0.329397514665574 0.157663301613458 1
-0.595571929098169 0.299933749377619 0.179156929035576 1
-0.632002441794654 0.269005303112378 0.201376915202166 1
-0.665463701199591 0.236507333025938 0.22375070017643 1
-0.695871133382489 0.202429517544446 0.245683763438706 1
-0.723139553847246 0.166762164536656 0.266581122775446 1
-0.751175577493106 0.123233256397249 0.289074888876109 1
-0.777608517550432 0.0707090018810319 0.311081358613617 1
-0.793121217060698 0.0300234037779385 0.32621525213963 1
-0.799941035083933 0.00971289806629061 0.333913043478261 1
0.39155890107219 0.69762570694545 0.281739130434783 1
0.369310445851768 0.706098743552055 0.273361820395367 1
0.323654302396945 0.721214815447079 0.256963254760121 1
0.260554305201423 0.73548720440569 0.234764681136657 1
0.204279300500104 0.74292224782905 0.214159029298166 1
0.155395806075 0.745796704433603 0.196040439172079 1
0.105950461742687 0.745139513203065 0.177821081255587 1
0.0560836087307784 0.740876090060892 0.159878778863081 1
0.00593621184424248 0.732931882853837 0.142591578251996 1
-0.0443312180504389 0.721445986845996 0.126305247355382 1
-0.0945574034701115 0.70655764398578 0.111365805948864 1
-0.144548505858083 0.688490732307843 0.0981236550432214 1
-0.194109786074389 0.667469423103805 0.0869294435589484 1
-0.24324869796359 0.643711468062946 0.0781893113142303 1
-0.291971670369723 0.617435079314754 0.0723095966795194 1
-0.340408785662212 0.589706870368117 0.0700922678871309 1
-0.388715870099522 0.561579604666697 0.0723293729497159 1
-0.435918331907937 0.532474559573188 0.0782181295825511 1
-0.481066556163698 0.501797649477825 0.086965688455332 1
-0.524025060176829 0.469403702056823 0.0981641329177522 1
-0.564655889912994 0.435149327717222 0.111405008071882 1
-0.60265653912731 0.399099499600187 0.12633917836531 1
-0.637722531495004 0.361320962669349 0.142616814486942 1
-0.669661691392891 0.3218750178337 0.159894414925432 1
-0.698281362384168 0.280823529721094 0.177828252153377 1
-0.723574782613653 0.238322393168972 0.196043990624205 1
-0.745534679433108 0.194528304980112 0.214166925978031 1
-0.767247311380431 0.142047401478696 0.234783123858641 1
-0.786414098983312 0.0803237537441511 0.256963120162138 1
-0.796154918927792 0.0332177301031279 0.273363038758943 1
-0.799941035083933 0.00971289806629055 0.281739130434783 1
0.39155890107219 0.69762570694545 0.246956521739131 1
0.368478374427267 0.708913314072189 0.238090819586439 1
0.3210415459969 0.729497264938229 0.220778845941281 1
0.25504878443638 0.751040891578683 0.198512920696837 1
0.195705719481676 0.765119196473804 0.179402423195272 1
0.14388896779423 0.773782438579427 0.163457360207373 1
0.0912718887859161 0.778909891564212 0.148129437546005 1
0.0380649180825515 0.780322816727571 0.133624009263834 1
-0.0155208449918739 0.777842436436804 0.120146614680721 1
-0.0692416961234593 0.771525087740583 0.107865213868255 1
-0.122853112871908 0.76142717420643 0.0969479616113203 1
-0.176084947821472 0.747675504703209 0.0875608653077682 1
-0.228666094575762 0.730397100964027 0.0798701125298542 1
-0.280373951942404 0.70971643076174 0.0740622669539929 1
-0.330984840475058 0.685758353429772 0.0703240285437537 1
-0.380357465320706 0.658902706105983 0.0689762205064435 1
-0.428379168825902 0.629520127193952 0.0703336466017459 1
-0.474523579571313 0.597615625381483 0.0740754552334777 1
-0.518286729862965 0.563173985655843 0.0798868110783886 1
-0.559506746291208 0.52629400538621 0.0875799203682128 1
-0.598019373471778 0.487076483087685 0.0969666199396706 1
-0.633565345114201 0.445701394842543 0.107881236338623 1
-0.665883538124875 0.402350742519117 0.120157591890781 1
-0.694812179857733 0.357198262380453 0.133629559478281 1
-0.72018905734431 0.310418330557823 0.148130832729622 1
-0.742060076136327 0.262279025808859 0.163458728501523 1
-0.760470697830141 0.213049344430542 0.179410266877655 1
-0.777959953495681 0.154586965521043 0.198530678910631 1
-0.792281067319659 0.086727665943564 0.220777049936782 1
-0.798176207276839 0.0353452379247857 0.238091233314216 1
-0.799941035083933 0.00971289806629078 0.246956521739131 1
0.39155890107219 0.69762570694545 0.229565217391304 1
0.368062033350466 0.710321128239143 0.220448305278497 1
0.319734281898516 0.733640024104689 0.202666293375578 1
0.252295545324941 0.758818564347941 0.180376044575764 1
0.191420470663774 0.77621500050865 0.16205953117643 1
0.138139757120561 0.787768016374578 0.147262484791865 1
0.0839402059662498 0.79578191082231 0.13345826375764 1
0.0290670936049833 0.800026225370483 0.120761246226849 1
-0.0262336198439561 0.800270427253169 0.109285975783976 1
-0.0816768397531891 0.796529831924314 0.0991067675433491 1
-0.13697662767659 0.788819781382255 0.0902981013321456 1
-0.191824888173455 0.777218907416149 0.0829290468451613 1
-0.245912537693875 0.761806014604478 0.0770688184734396 1
-0.298902153934183 0.742659286269588 0.0727894508661141 1
-0.350455209769544 0.719857262957644 0.0701630824599639 1
-0.400294928527162 0.693436751794265 0.069265214167186 1
-0.448174614421599 0.663427681696425 0.0701673459983033 1
-0.493791797701591 0.630126565866108 0.0727943809373202 1
-0.536865128751608 0.593807268589549 0.0770752116210822 1
-0.577219333003432 0.55469021562857 0.0829368327034273 1
-0.614676798437662 0.512997942818839 0.0903059575775438 1
-0.648999672966627 0.468967571301484 0.0991133702606629 1
-0.679948304141731 0.422838374645703 0.109289449825072 1
-0.707375914987006 0.37483995030356 0.120761483783846 1
-0.731135308399051 0.325202573582309 0.133456604940794 1
-0.751298517795361 0.274250058678378 0.147262684229969 1
-0.767937165973123 0.222307194969426 0.162067333756914 1
-0.783316754200598 0.160857578315648 0.180393439441362 1
-0.79521543937312 0.0899311599056129 0.202663621030211 1
-0.799187157748111 0.0364095223571161 0.220448295276753 1
-0.799941035083933 0.00971289806629078 0.229565217391304 1
