3
3 3
5 7
0 0 0 0 0.5 1 1 1 1 
0 0 0 0 0.25 0.5 0.75 1 1 1 1 
-0.799941035083933 0.00971289806629066 0.646956521739131 1
-0.799941035083933 0.00647520691563563 0.64695652173913 1
-0.799941035083933 2.10841460956956E-08 0.646956521739131 1
-0.799941035083933 -0.00647518583148943 0.646956521739131 1
-0.799941035083933 -0.0097128980662905 0.646956521739131 1
-0.799941035083933 0.00971289806629055 0.59304347826087 1
-0.799944310919983 0.00647522328827255 0.593043478260869 1
-0.799947586734701 1.7570133126199E-08 0.59304347826087 1
-0.799944310898651 -0.00647520571813948 0.59304347826087 1
-0.799941035083933 -0.0097128980662905 0.59304347826087 1
-0.799941035083933 0.0097128980662905 0.485217391304348 1
-0.799950862592084 0.00647525603354654 0.485217391304347 1
-0.799960690036237 1.05421073537393E-08 0.485217391304348 1
-0.799950862528086 -0.00647524549143913 0.485217391304348 1
-0.799941035083933 -0.0097128980662905 0.485217391304348 1
-0.799941035083933 0.00971289806629066 0.323478260869565 1
-0.799960690100236 0.00647530515145778 0.323478260869565 1
-0.799980344988542 6.9111383282916E-14 0.323478260869565 1
-0.799960689972239 -0.0064753051513885 0.323478260869565 1
-0.799941035083933 -0.00971289806629061 0.323478260869565 1
-0.799941035083933 0.00971289806629083 0.161739130434783 1
-0.799970517608387 0.00647535426936913 0.161739130434783 1
-0.799999999940846 -1.05419689089281E-08 0.161739130434783 1
-0.799970517416392 -0.00647536481133792 0.161739130434783 1
-0.799941035083933 -0.0097128980662905 0.161739130434783 1
-0.799941035083933 0.00971289806629083 0.053913043478261 1
-0.799977069280488 0.00647538701464351 0.053913043478261 1
-0.800013103242383 -1.75699944038321E-08 0.0539130434782609 1
-0.799977069045828 -0.00647540458463775 0.0539130434782609 1
-0.799941035083933 -0.0097128980662905 0.053913043478261 1
-0.799941035083933 0.00971289806629083 0 1
-0.799980345116539 0.0064754033872807 0 1
-0.800019654893151 -2.10840072067953E-08 0 1
-0.799980344860545 -0.00647542447128774 0 1
-0.799941035083933 -0.0097128980662905 0 1
