3
3 3
31 11
0 0 0 0 0.0500274467942897 0.100054893588579 0.133412 0.166768859508343 0.200126 0.233482825428107 0.26684 0.30019679134787 0.333554 0.366910757267634 0.400268 0.433624723187398 0.466982 0.500338689107162 0.53364 0.566939761217565 0.600241 0.633540833327968 0.666842 0.700141905438371 0.733443 0.766742977548774 0.800043 0.833344049659177 0.866645 0.89994512176958 0.94997256088479 1 1 1 1 
0 0 0 0 0.125 0.25 0.375 0.5 0.625 0.75 0.875 1 1 1 1 
0.408382134011743 -0.68791280887916 0.646956521739131 1
0.395178406038749 -0.665671351987421 0.640490162477384 1
0.368788768765977 -0.621175886808346 0.627566170424385 1
0.333664535399464 -0.56179656083814 0.610364520087006 1
0.302997799776845 -0.50980006613358 0.595345873055921 1
0.276769807130459 -0.46518471289332 0.582501044420184 1
0.250614150665327 -0.420507239826603 0.569691641516981 1
0.224559428804009 -0.375761318708464 0.556931670063103 1
0.198634568365333 -0.330941184471627 0.544235296603273 1
0.172917400274763 -0.285933371684722 0.531640637851708 1
0.147486149791209 -0.240625104645593 0.519186003642454 1
0.122569428796794 -0.19511190782865 0.506983353761743 1
0.0983962992484234 -0.149490123304138 0.495144868414254 1
0.0760634462777054 -0.102259960467524 0.48420763531283 1
0.0566680151327653 -0.0519226239815201 0.474708967506572 1
0.0477147237353427 -3.66364716180671E-05 0.470324205955194 1
0.0566682390598505 0.0518668091745558 0.474709077172038 1
0.0760422879470826 0.102221855286739 0.484197273287236 1
0.098390903440675 0.149489835553047 0.495142225885456 1
0.122588960962375 0.195146823453631 0.506992919393515 1
0.147510089609449 0.240666194872819 0.519197727866531 1
0.172934676618692 0.28596405817685 0.531649098723275 1
0.198641849143725 0.330954232935024 0.544238862272673 1
0.224554967194815 0.375753462977357 0.556929485046266 1
0.250597016098945 0.420477825464884 0.569683250079181 1
0.276751488839747 0.465153563870062 0.582492073268321 1
0.303001383158671 0.509806077314189 0.59534762797198 1
0.333697113122262 0.561851760816704 0.610380474615907 1
0.368781370764095 0.621163341630727 0.62756254734626 1
0.395178091314461 0.665670821993682 0.640490008345133 1
0.408382134011743 0.687912808879159 0.646956521739131 1
0.408382134011743 -0.68791280887916 0.629565217391304 1
0.396936284758935 -0.666014697113606 0.62317166669918 1
0.373988970261365 -0.622115142449295 0.610393633600635 1
0.342294960036823 -0.563301022196792 0.592735617270586 1
0.313081052913979 -0.511636833854255 0.576367111544845 1
0.287201326479189 -0.467198539407991 0.561840617273561 1
0.260661918056952 -0.422593826084069 0.546952319958569 1
0.23365263052501 -0.377820678760728 0.531844279935638 1
0.206363601554325 -0.332877645132874 0.516658744631358 1
0.179039845247239 -0.287666594029296 0.501559205133559 1
0.151926790231627 -0.242090086271003 0.48670938197873 1
0.1254157497558 -0.196252421740503 0.472343310577996 1
0.0998985137619115 -0.150258723104765 0.458695285682547 1
0.0765976740878252 -0.102685495527938 0.44640688206876 1
0.0567363040806488 -0.0521102452809221 0.436119930498364 1
0.0476781247229686 -3.73106751639062E-05 0.431483873467674 1
0.0567463257329404 0.0520563897231505 0.43612740881525 1
0.0765933593268448 0.102653150513583 0.446408736810627 1
0.0999124592533849 0.150262558640536 0.458706924831896 1
0.125454391398179 0.1962882676386 0.472367375249174 1
0.151968617189265 0.242131217540996 0.48673479689548 1
0.179073004136621 0.287697489422675 0.5015797499991 1
0.206384085236904 0.332890861121025 0.516672068794566 1
0.233658331958142 0.377813132497316 0.531849243033239 1
0.260651829270278 0.422565435239711 0.546948549780241 1
0.287186618006089 0.467168772491285 0.561834047203434 1
0.313084219661958 0.511643303092018 0.576369499975342 1
0.342325160317962 0.563355579925643 0.59275218292706 1
0.373983849219762 0.622102835415824 0.610391242484278 1
0.396936778201555 0.666014188575772 0.623172077981646 1
0.408382134011743 0.687912808879159 0.629565217391304 1
0.408382134011743 -0.68791280887916 0.594782608695652 1
0.400337749048191 -0.666701387368791 0.588552385195699 1
0.384057795421287 -0.623993653739362 0.576099938892959 1
0.359376628603203 -0.56630994491851 0.557505576204536 1
0.333824590011868 -0.51531036928139 0.538320175934748 1
0.309639528113288 -0.47122619239853 0.520275686946878 1
0.283603382772252 -0.426766998528893 0.501032691802613 1
0.256151105725799 -0.381939398759034 0.481001331743095 1
0.227717980037394 -0.336750566310117 0.460591990145709 1
0.198806130058368 -0.291133038533163 0.440230877901437 1
0.169918111653013 -0.245020049297405 0.420344511632982 1
0.141693386814675 -0.198533449303458 0.401423048729073 1
0.114771921225158 -0.151795922413638 0.38395698782826 1
0.0905508651729665 -0.103536565331364 0.368808848712823 1
0.07042787096649 -0.0524854875458132 0.356841471900123 1
0.0614072669230332 -3.86587422493735E-05 0.351664496124625 1
0.0704530001427974 0.0524355511541423 0.356864382936967 1
0.0905730152806881 0.103515741284493 0.368836256101238 1
0.114815876555693 0.151808005107681 0.383998534202948 1
0.141761158012157 0.198571156269065 0.401477519907538 1
0.169987073394317 0.245061263101553 0.420398646649728 1
0.198863468882924 0.291164352099421 0.440276766096651 1
0.227758780710426 0.336764117638125 0.460625774776404 1
0.256172737874944 0.381932471643349 0.4810212721446 1
0.283604678200926 0.426740654859406 0.501038583653989 1
0.309630780028175 0.471199189772504 0.520274114164207 1
0.333826685530374 0.515317754661885 0.538323868266985 1
0.359401730267887 0.5663632181391 0.557523417378597 1
0.384056484625018 0.623981822977831 0.576100126934753 1
0.400339509917382 0.666700921737127 0.588553981371781 1
0.408382134011743 0.687912808879159 0.594782608695652 1
0.408382134011743 -0.68791280887916 0.542608695652174 1
0.405123000674455 -0.667731422759376 0.536512354493947 1
0.398241539116386 -0.626811420697113 0.524337058201962 1
0.384502247828707 -0.570823329013327 0.504486326651441 1
0.366540052112489 -0.520820672382674 0.481810724753277 1
0.347664893821439 -0.477267671776737 0.459459563499064 1
0.325907590048747 -0.433026757001718 0.434919879507508 1
0.301856567006845 -0.388117478461925 0.408928828127996 1
0.276100531942089 -0.342559947673193 0.382223873606681 1
0.24931303670921 -0.296332704775162 0.35555020312581 1
0.22216802527579 -0.249414993214682 0.329653401279108 1
0.195462950754459 -0.201954989924807 0.305332707066677 1
0.169995737662664 -0.154101720566153 0.283387798090797 1
0.147211139264128 -0.104813169156321 0.264937509340186 1
0.128554379838425 -0.0530483500171802 0.251101072009087 1
0.120276065164712 -4.06799000109426E-05 0.245353177069259 1
0.128589724892132 0.053004294226293 0.251142769252633 1
0.147252958693015 0.104809628320549 0.26499622467173 1
0.170060657438827 0.154126175618601 0.283465774204929 1
0.195549210595287 0.201995489937224 0.305423951877774 1
0.222253731124287 0.249456332064125 0.329742217684653 1
0.249385611142691 0.296364646627825 0.35562673251525 1
0.276154923281317 0.34257400281615 0.382282429781651 1
0.301889906492063 0.388111480656664 0.408966961590815 1
0.325918454100849 0.433003484483175 0.434937632497762 1
0.347661594316648 0.47724481580185 0.45946426248845 1
0.366539880898149 0.520829432056087 0.481816141606991 1
0.384518748366943 0.570874675447022 0.504505746946645 1
0.398243881412318 0.62680030429814 0.52434039202779 1
0.405125695133496 0.667731021471328 0.536515388825284 1
0.408382134011743 0.687912808879159 0.542608695652174 1
0.408382134011743 -0.68791280887916 0.490434782608696 1
0.40961724213883 -0.66876145815713 0.484196976740358 1
0.411581028214489 -0.629629187675661 0.471775363432535 1
0.409171641931092 -0.575336713119384 0.451035407489937 1
0.400724734649814 -0.526330975447766 0.426691415802991 1
0.389700897233683 -0.483309151056146 0.402438212235983 1
0.375458027936179 -0.439286515296039 0.375663282207462 1
0.358541309971252 -0.394295557894353 0.347244665673169 1
0.339496115891716 -0.348369328666438 0.318060739072004 1
0.318970717629812 -0.301532370545401 0.288989545882763 1
0.297613680258319 -0.253809936560556 0.260909562309638 1
0.276183745974594 -0.205376529882241 0.234742994070543 1
0.255440029276631 -0.156407517974219 0.211412519613885 1
0.236678181887483 -0.106089772173117 0.192107171893477 1
0.221194238826484 -0.0536112116383471 0.178016401876181 1
0.214288012615118 -4.27001920578762E-05 0.172293489036337 1
0.221228372719535 0.0535730381483624 0.178066073328594 1
0.236721281485507 0.106103516164312 0.192179795779881 1
0.25550383115064 0.156444346873426 0.211506031663205 1
0.276265351275634 0.205419824268729 0.23484911497226 1
0.297694132562779 0.253851401597558 0.261012246437635 1
0.319039214551741 0.301564941627512 0.289078442840689 1
0.339548594711939 0.348383888363623 0.318129398037721 1
0.358575165422569 0.394290489940167 0.347290403183131 1
0.37547156724472 0.439266314285277 0.375686373992957 1
0.389699840047607 0.483290441929915 0.402446149307209 1
0.400721690810706 0.526341109486467 0.426697983897329 1
0.409178666138762 0.575386132743683 0.45105557880849 1
0.411585130076682 0.629618785597606 0.47178005143216 1
0.40961998180944 0.668761121198338 0.484200608664066 1
0.408382134011743 0.687912808879159 0.490434782608696 1
0.408382134011743 -0.68791280887916 0.438260869565218 1
0.41395376846519 -0.669791493558769 0.431670107585411 1
0.424462967207053 -0.632446954665481 0.418600107313008 1
0.43359378140913 -0.579850097231531 0.397252927086734 1
0.435705672212893 -0.531841278493242 0.372639861624721 1
0.433910495804684 -0.489350630282011 0.34833158870224 1
0.428935614805206 -0.44554627349362 0.321672877182356 1
0.421176356920793 -0.400473637180201 0.293539687361066 1
0.411028125063157 -0.354178709459251 0.264808313514644 1
0.399007304178499 -0.306732036059966 0.2363466984547 1
0.385630441095635 -0.258204879596754 0.209023209738112 1
0.371510962954978 -0.208798069479861 0.183740066755021 1
0.35726253387949 -0.158713314978824 0.1613999471926 1
0.343925098565104 -0.107366374751924 0.143119127120868 1
0.332538866547047 -0.0541740727987415 0.130014281212445 1
0.32734605313587 -4.47200149242544E-05 0.124774056457159 1
0.332565596310535 0.0541417825310515 0.130063622282998 1
0.34395951219352 0.107397404445818 0.143192295260671 1
0.357313250157484 0.158762518531417 0.161492946848599 1
0.371575371094699 0.208844158959738 0.183844244457609 1
0.385693718064129 0.258246471440373 0.209123774813203 1
0.399061256698502 0.306765236882614 0.23643392718632 1
0.411070289296978 0.354193774111321 0.264875808343717 1
0.421204663091386 0.400469499370099 0.293584895599034 1
0.428948093458288 0.445529144184028 0.32169629801417 1
0.433909943279817 0.489336068111481 0.348340433707258 1
0.435699427381352 0.531852786936454 0.372647140628215 1
0.433590854962804 0.579897590034242 0.397273213374746 1
0.424467802424933 0.632437266885774 0.418604773367974 1
0.413956071884101 0.669791220921452 0.431673691473288 1
0.408382134011743 0.687912808879159 0.438260869565217 1
0.408382134011743 -0.68791280887916 0.386086956521739 1
0.418265874677408 -0.67082152896101 0.378995602679586 1
0.437274060585533 -0.635264721657045 0.364996542571712 1
0.457977636761593 -0.584363481344621 0.343238993808538 1
0.470809899390778 -0.537351581535682 0.319333674759295 1
0.478456646989107 -0.495392109499585 0.29625964844244 1
0.483021269026486 -0.451806031676221 0.271358641712074 1
0.48473273015724 -0.406651716443354 0.245404736174139 1
0.483819952633294 -0.35998809022103 0.219172323907564 1
0.480650927713592 -0.311931701534944 0.193419453124026 1
0.475593672282776 -0.262599822585003 0.16890455857807 1
0.469099792175507 -0.212219609021769 0.146410082134462 1
0.461620989283673 -0.161019111920959 0.12671887562202 1
0.453924994819064 -0.108642977262914 0.110774665770535 1
0.446779681616496 -0.0547369338877915 0.0995215297289193 1
0.443353130588587 -4.67397651442714E-05 0.0950835037630245 1
0.446798048350664 0.0547105269850616 0.0995647432339936 1
0.453949179352407 0.108691292795103 0.11083904894908 1
0.461656766925712 0.161080690251832 0.126800160031936 1
0.469145061093981 0.212268493706412 0.146500575600434 1
0.475637927982671 0.262641541331092 0.168991844715887 1
0.480688715171405 0.311965532177265 0.1934952156655 1
0.483850501331118 0.360003659890021 0.219230789498743 1
0.484754547923436 0.406648508822705 0.24544373751601 1
0.483032108567304 0.451791974097744 0.271378894436001 1
0.478456330072048 0.49538169430133 0.296267774775373 1
0.470800402723391 0.537364464389477 0.319341357289867 1
0.457964686218529 0.584409047323855 0.343258951056027 1
0.437279470263896 0.635255748172194 0.365000226055344 1
0.418267667296367 0.670821320643962 0.37899868783811 1
0.408382134011743 0.68791280887916 0.386086956521739 1
0.408382134011743 -0.687912808879159 0.333913043478261 1
0.422560410728247 -0.671851564363683 0.326212995717899 1
0.450034180865969 -0.638082488649865 0.311079361092724 1
0.482333946859327 -0.588876865458389 0.289055585782707 1
0.506002832887392 -0.542861884575936 0.266573261789502 1
0.523244946252605 -0.501433588711194 0.24567754681342 1
0.537544424950096 -0.458065789848045 0.223736176251509 1
0.548951993478854 -0.412829795690177 0.201348278034192 1
0.55751821382795 -0.36579747096048 0.179113251677704 1
0.563450807072409 -0.317131366981439 0.157606179540873 1
0.566957380059269 -0.266994765538753 0.137402470193593 1
0.568315841146289 -0.215641148523592 0.119091718725064 1
0.567804049788738 -0.163324908818147 0.103263857033614 1
0.565905647393295 -0.109919579725111 0.0906169923368645 1
0.563104290349106 -0.0552997949255094 0.0818495130198656 1
0.561482026739816 -4.87594630954602E-05 0.0784476384182437 1
0.563113604129926 0.0552792714903867 0.0818823541375677 1
0.56591849255979 0.109985181193154 0.0906657595035563 1
0.567823555540987 0.163398862017162 0.10332522322894 1
0.568340573540208 0.215692828493136 0.119159930915541 1
0.566981286350409 0.267036611256277 0.137468305888004 1
0.563471263410319 0.317165827500369 0.157663301613421 1
0.557536210962444 0.365813545691028 0.179156929035559 1
0.548966647145429 0.412827518291623 0.20137691520211 1
0.537553209181601 0.458054804022227 0.223750700176409 1
0.523244671360649 0.50142732049714 0.245683763438639 1
0.505990047802553 0.542876141844684 0.266581122775416 1
0.482310919377805 0.588920504612789 0.289074888876062 1
0.450040050680433 0.638074229457355 0.311081358613618 1
0.422561638910126 0.671851420366038 0.326215252139629 1
0.408382134011743 0.68791280887916 0.333913043478261 1
0.408382134011743 -0.687912808879159 0.281739130434783 1
0.426844226570471 -0.672881599766621 0.273361820395366 1
0.462763200564399 -0.640900255643452 0.256963254760123 1
0.506673450573174 -0.593390249572572 0.234764681136598 1
0.541249889406657 -0.548372187614857 0.214159029298129 1
0.568180989060828 -0.507475067919164 0.196040439172019 1
0.59233451692611 -0.464325548013293 0.177821081255558 1
0.613575710683894 -0.419007874927037 0.159878778863028 1
0.631769523872949 -0.371606851686306 0.142591578252006 1
0.646956161092264 -0.322331032410555 0.126305247355371 1
0.659175570664644 -0.271389708471453 0.11136580594876 1
0.668524717377435 -0.219062688000957 0.0981236550430273 1
0.675100369694245 -0.165630705687911 0.0869294435588495 1
0.679094833031723 -0.111196182157537 0.0781893113142456 1
0.680700299059152 -0.0558626559319075 0.0723095966795452 1
0.680905523356101 -5.07791291554649E-05 0.0700922678871267 1
0.680700138938329 0.0558480160270212 0.0723293729497087 1
0.679095661413287 0.11127906962096 0.0782181295825494 1
0.675102790088977 0.165717033809896 0.0869656884553317 1
0.668528060700104 0.219117163304297 0.0981641329177375 1
0.659178317199347 0.271431681202492 0.111405008071874 1
0.646958574855114 0.322366122840835 0.126339178365279 1
0.63177439833904 0.371623431505644 0.142616814486926 1
0.613582787984073 0.419006527770495 0.159894414925383 1
0.59234099191101 0.464317633953279 0.177828252153356 1
0.568180638081971 0.507472946696587 0.196043990624143 1
0.541233793584569 0.548387819301223 0.214166925977992 1
0.506640313912496 0.593431961901308 0.234783123858583 1
0.462769460761411 0.640892710741749 0.25696312016214 1
0.426844857589262 0.672881520087849 0.273363038758942 1
0.408382134011743 0.68791280887916 0.281739130434783 1
0.408382134011743 -0.687912808879159 0.24695652173913 1
0.429697751853899 -0.673568290035304 0.238090819586439 1
0.471242390429313 -0.642778766972677 0.220778845941285 1
0.522896099170032 -0.596399172315451 0.198512920696772 1
0.564759801328728 -0.552045722973845 0.179402423195229 1
0.598170764915069 -0.511502720723678 0.163457360207316 1
0.628919808960675 -0.468498720122016 0.148129437545982 1
0.656746923397514 -0.423126594416091 0.13362400926379 1
0.681391732591847 -0.375479772167201 0.120146614680714 1
0.702781173702155 -0.325797476026154 0.107865213868237 1
0.720841832430475 -0.274319670421969 0.0969479616112806 1
0.735548454770966 -0.221343714313835 0.0875608653076966 1
0.746875491573177 -0.16716790359507 0.0798701125298191 1
0.754819434494106 -0.112047250439289 0.0740622669539964 1
0.759376575165117 -0.0562378965959683 0.0703240285437621 1
0.760805214770442 -5.21255661987685E-05 0.0689762205064424 1
0.759370006756521 0.0562271790583133 0.0703336466017432 1
0.754812103064552 0.112141661912691 0.0740754552334754 1
0.746866343259984 0.16726248167773 0.0798868110783863 1
0.735537351669549 0.221400053183765 0.0875799203682006 1
0.720830294675824 0.274361727837915 0.0969666199396623 1
0.702771402992951 0.325832986404954 0.107881236338597 1
0.681387733315562 0.375496688718374 0.120157591890764 1
0.656748859338087 0.423125867425259 0.133629559478238 1
0.628924688735634 0.468492853908756 0.1481308327296 1
0.598170337298599 0.511503364163682 0.163458728501465 1
0.564741493451655 0.552062270939209 0.179410266877611 1
0.522856215983181 0.596439600093564 0.198530678910565 1
0.471248895577877 0.642771698264509 0.220777049936786 1
0.42969797758409 0.673568253235665 0.238091233314216 1
0.408382134011743 0.68791280887916 0.246956521739131 1
0.408382134011743 -0.687912808879159 0.229565217391304 1
0.431125125224688 -0.67391163516963 0.220448305278497 1
0.475483757158418 -0.643718022637247 0.202666293375583 1
0.531008380926254 -0.597903633686867 0.180376044575695 1
0.57651167390727 -0.553882490653415 0.162059531176383 1
0.613157235909116 -0.513516547126143 0.14726248479181 1
0.647197247661169 -0.470585306176752 0.13345826375762 1
0.678309488062217 -0.425185954161185 0.120761246226809 1
0.706171329820688 -0.377416232408424 0.10928597578396 1
0.730653489195254 -0.327530697834943 0.0991067675433269 1
0.751626283523033 -0.275784651398426 0.0902981013321378 1
0.769003762210722 -0.222484227471667 0.082929046845151 1
0.782699630250201 -0.167936502550212 0.0770688184734365 1
0.792612885232979 -0.112472784581861 0.0727894508661117 1
0.798642281704827 -0.056425516929783 0.0701630824599636 1
0.800681307235178 -5.27987865371338E-05 0.0692652141671863 1
0.798632533133721 0.0564167605721757 0.0701673459983028 1
0.792601512490298 0.112572958056862 0.0727943809373175 1
0.78268474392621 0.168035205610087 0.0770752116210789 1
0.768985484466751 0.222541498122107 0.0829368327034166 1
0.751607649789122 0.275826751154429 0.0903059575775357 1
0.730637666781544 0.327566418186025 0.0991133702606399 1
0.706162926209006 0.377433317323963 0.109289449825055 1
0.678308876809779 0.425185537252074 0.120761483783806 1
0.647201344297935 0.47058046388612 0.133456604940773 1
0.613156776702667 0.513518572897023 0.147262684229913 1
0.57649226127426 0.553899496758126 0.162067333756867 1
0.530965126313067 0.597943419189715 0.180393439441293 1
0.47549038875661 0.643711192025933 0.202663621030216 1
0.431125150174976 0.673911619809588 0.220448295276753 1
0.408382134011743 0.68791280887916 0.229565217391304 1
