3
3 3
15 6
0 0 0 0 0.083334 0.166666663583281 0.25 0.333333327166562 0.416667 0.499999990749843 0.583334 0.666666660499895 0.75 0.833333330249948 0.916667 1 1 1 1 
0 0 0 0 0.333333333333333 0.666666666666667 1 1 1 1 
-0.799941035083933 -0.00971289806629061 0.229565217391304 1
-0.798689167773686 -0.05404455476375 0.214425915248948 1
-0.789543739538508 -0.143380451182147 0.185263212747637 1
-0.754501432678735 -0.275155672460155 0.146371843950595 1
-0.696736047362611 -0.400453533047515 0.113838934562433 1
-0.61749432932858 -0.515109530559809 0.0890258173344252 1
-0.518023863795627 -0.614957680756118 0.0732941813055989 1
-0.402109305247739 -0.696466021348683 0.06769971952901 1
-0.273536438973099 -0.756101640469567 0.0732982300433338 1
-0.137298423426659 -0.792331384492981 0.0890329246415686 1
0.00161045507831914 -0.803621684903412 0.11384694193812 1
0.138983342690338 -0.790988826043612 0.146379008678937 1
0.270611682796944 -0.755449106358371 0.185267495322228 1
0.352544725686725 -0.718705171613269 0.214427505745846 1
0.39155890107219 -0.69762570694545 0.229565217391304 1
-0.799941035083933 -0.00971289806629066 0.204057971014493 1
-0.798766512919834 -0.0542045615096429 0.190600813554621 1
-0.789622967597576 -0.143817744022967 0.164678411331233 1
-0.754364667097331 -0.275820997910935 0.130108305733862 1
-0.696404063470921 -0.401099273491546 0.101190164055496 1
-0.617082672454108 -0.515575400231759 0.0791340598528224 1
-0.517742851487489 -0.615170727464597 0.0651503833827546 1
-0.402098003943484 -0.69644695759339 0.0601775284702311 1
-0.27386266260002 -0.755964845062299 0.0651539822607411 1
-0.137910502209489 -0.792207285642769 0.0791403774591721 1
0.000883674301374315 -0.803656760271243 0.101197281722773 1
0.138338986371184 -0.7912031756446 0.130114674381278 1
0.270272851025648 -0.755736449766448 0.164682218064203 1
0.352444822254418 -0.718852151719199 0.190602227329641 1
0.39155890107219 -0.69762570694545 0.204057971014493 1
-0.799941035083933 -0.00971289806629061 0.15304347826087 1
-0.798921203212132 -0.0545245750014283 0.142950610165965 1
-0.789781423715713 -0.144692329704606 0.123508808498425 1
-0.754091135934524 -0.277151648812494 0.0975812293003966 1
-0.69574009568754 -0.402390754379608 0.075892623041622 1
-0.616259358705162 -0.516507139575658 0.0593505448896168 1
-0.517180826871212 -0.615596820881555 0.048862787537066 1
-0.402075401334974 -0.696408830082804 0.0451331463526733 1
-0.274515109853861 -0.755691254247764 0.0488654866955559 1
-0.139134659775148 -0.791959087942345 0.0593552830943791 1
-0.000569887252515111 -0.803726911006905 0.0758979612920798 1
0.137050273732876 -0.791631874846576 0.0975860057859582 1
0.269595187483057 -0.7563111365826 0.123511663548152 1
0.352245015389804 -0.719146111931059 0.142951670497231 1
0.39155890107219 -0.69762570694545 0.15304347826087 1
-0.799941035083933 -0.0097128980662905 0.0765217391304348 1
-0.799153238650578 -0.0550045952391062 0.0714753050829828 1
-0.790019107892918 -0.146004208227064 0.0617544042492123 1
-0.753680839190313 -0.279147625164834 0.0487906146501983 1
-0.694744144012469 -0.404327975711701 0.037946311520811 1
-0.615024388081745 -0.517904748591506 0.0296752724448084 1
-0.516337789946798 -0.616235961006993 0.024431393768533 1
-0.40204149742221 -0.696351638816924 0.0225665731763367 1
-0.275493780734624 -0.75528086802596 0.0244327433477779 1
-0.140970896123637 -0.791586791391708 0.0296776415471895 1
-0.00275022958334925 -0.803832137110398 0.0379489806460399 1
0.135117204775413 -0.79227492364954 0.0487930028929791 1
0.26857869216917 -0.757173166806829 0.061755831774076 1
0.351945305092884 -0.719587052248851 0.0714758352486154 1
0.39155890107219 -0.69762570694545 0.0765217391304348 1
-0.799941035083933 -0.00971289806629061 0.0255072463768116 1
-0.799307928942875 -0.055324608730892 0.0238251016943276 1
-0.790177564011055 -0.146878793908703 0.0205848014164041 1
-0.753407308027505 -0.280478276066395 0.0162635382167328 1
-0.694080176229088 -0.405619456599764 0.012648770506937 1
-0.614201074332799 -0.518836487935406 0.0098917574816028 1
-0.515775765330521 -0.616662054423952 0.00814379792284432 1
-0.402018894813701 -0.696313511306338 0.00752219105877888 1
-0.276146227988466 -0.755007277211425 0.00814424778259264 1
-0.142195053689297 -0.791338593691284 0.00989254718239651 1
-0.00420379113723907 -0.80390228784606 0.0126496602153466 1
0.133828492137104 -0.792703622851517 0.0162643342976597 1
0.267901028626578 -0.757747853622982 0.0205852772580253 1
0.351745498228269 -0.719881012460711 0.0238252784162051 1
0.39155890107219 -0.69762570694545 0.0255072463768116 1
-0.799941035083933 -0.0097128980662905 0 1
-0.799385274089023 -0.0554846154767846 0 1
-0.790256792070123 -0.147316086749523 0 1
-0.753270542446101 -0.281143601517174 0 1
-0.693748192337397 -0.406265197043795 0 1
-0.613789417458327 -0.519302357607355 0 1
-0.515494753022383 -0.616875101132431 0 1
-0.402007593509446 -0.696294447551044 0 1
-0.276472451615387 -0.754870481804157 0 1
-0.142807132472127 -0.791214494841072 0 1
-0.00493057191418367 -0.803937363213891 0 1
0.13318413581795 -0.792917972452504 0 1
0.267562196855283 -0.758035197031058 0 1
0.351645594795962 -0.720027992566641 0 1
0.39155890107219 -0.69762570694545 0 1
