3
3 3
41 6
0 0 0 0 0.03125 0.0625 0.09375 0.125 0.15625 0.1875 0.21875 0.25 0.25 0.25 0.28125 0.3125 0.34375 0.375 0.40625 0.4375 0.46875 0.5 0.5 0.5 0.53125 0.5625 0.59375 0.625 0.65625 0.6875 0.71875 0.75 0.75 0.75 0.78125 0.8125 0.84375 0.875 0.90625 0.9375 0.96875 1 1 1 1 
0 0 0 0 0.15 0.5 1 1 1 1 
0.4 0.692820323027551 0 1
0.358153798567559 0.716980238689135 0 0.975592231765546
0.267451327581413 0.759032483363517 0 0.93287863735525
0.116581733992721 0.796793570677236 0 0.887114071915648
-0.0452119796035581 0.804348797299924 0 0.859655332651887
-0.208540756904112 0.778284700215017 0 0.850502419563967
-0.363019675757897 0.719192481766973 0 0.859655332651887
-0.499359528593554 0.631752606782238 0 0.887114071915649
-0.611135885643136 0.523615749099689 0 0.93287863735525
-0.668660407365968 0.441846201432442 0 0.975592231765546
-0.692820323027551 0.4 0 1
-0.716980238689135 0.358153798567559 0 0.975592231765546
-0.759032483363517 0.267451327581413 0 0.93287863735525
-0.796793570677236 0.116581733992721 0 0.887114071915648
-0.804348797299924 -0.0452119796035581 0 0.859655332651887
-0.778284700215017 -0.208540756904112 0 0.850502419563967
-0.719192481766973 -0.363019675757897 0 0.859655332651887
-0.631752606782238 -0.499359528593554 0 0.887114071915649
-0.523615749099689 -0.611135885643135 0 0.93287863735525
-0.441846201432442 -0.668660407365968 0 0.975592231765546
-0.4 -0.692820323027551 0 1
-0.358153798567559 -0.716980238689135 0 0.975592231765546
-0.267451327581413 -0.759032483363517 0 0.93287863735525
-0.116581733992721 -0.796793570677236 0 0.887114071915648
0.045211979603558 -0.804348797299924 0 0.859655332651887
0.208540756904112 -0.778284700215017 0 0.850502419563967
0.363019675757897 -0.719192481766973 0 0.859655332651887
0.499359528593554 -0.631752606782238 0 0.887114071915649
0.611135885643135 -0.523615749099689 0 0.93287863735525
0.668660407365968 -0.441846201432442 0 0.975592231765546
0.692820323027551 -0.4 0 1
0.716980238689135 -0.358153798567559 0 0.975592231765546
0.759032483363517 -0.267451327581413 0 0.93287863735525
0.796793570677236 -0.116581733992721 0 0.887114071915648
0.804348797299924 0.0452119796035579 0 0.859655332651887
0.778284700215017 0.208540756904112 0 0.850502419563967
0.719192481766973 0.363019675757897 0 0.859655332651887
0.631752606782238 0.499359528593554 0 0.887114071915649
0.523615749099689 0.611135885643135 0 0.93287863735525
0.441846201432442 0.668660407365968 0 0.975592231765546
0.4 0.692820323027551 0 1
0.40525 0.701913589767287 0 1
0.362854567173758 0.726390604321929 0 0.975592231765546
0.270961626255919 0.768994784707663 0 0.93287863735525
0.118111869251375 0.807251486292375 0 0.887114071915648
-0.0458053868358548 0.814905875264485 0 0.859655332651887
-0.211277854338479 0.788499686905339 0 0.850502419563967
-0.367784309002219 0.728631883090165 0 0.859655332651887
-0.505913622406344 0.640044359746254 0 0.887114071915649
-0.619157044142202 0.530488205806622 0 0.93287863735525
-0.677436575212646 0.447645432826243 0 0.975592231765546
-0.701913589767288 0.40525 0 1
-0.726390604321929 0.362854567173758 0 0.975592231765546
-0.768994784707663 0.270961626255919 0 0.93287863735525
-0.807251486292375 0.118111869251375 0 0.887114071915648
-0.814905875264485 -0.0458053868358547 0 0.859655332651887
-0.788499686905339 -0.211277854338479 0 0.850502419563967
-0.728631883090165 -0.367784309002219 0 0.859655332651887
-0.640044359746255 -0.505913622406344 0 0.887114071915649
-0.530488205806622 -0.619157044142202 0 0.93287863735525
-0.447645432826243 -0.677436575212646 0 0.975592231765546
-0.40525 -0.701913589767288 0 1
-0.362854567173758 -0.726390604321929 0 0.975592231765546
-0.270961626255919 -0.768994784707663 0 0.93287863735525
-0.118111869251375 -0.807251486292375 0 0.887114071915648
0.0458053868358547 -0.814905875264485 0 0.859655332651887
0.211277854338479 -0.788499686905339 0 0.850502419563967
0.367784309002219 -0.728631883090165 0 0.859655332651887
0.505913622406344 -0.640044359746255 0 0.887114071915649
0.619157044142202 -0.530488205806622 0 0.93287863735525
0.677436575212646 -0.447645432826243 0 0.975592231765546
0.701913589767287 -0.40525 0 1
0.726390604321929 -0.362854567173758 0 0.975592231765546
0.768994784707663 -0.270961626255919 0 0.93287863735525
0.807251486292375 -0.118111869251375 0 0.887114071915648
0.814905875264485 0.0458053868358546 0 0.859655332651887
0.788499686905339 0.211277854338479 0 0.850502419563967
0.728631883090165 0.367784309002219 0 0.859655332651887
0.640044359746254 0.505913622406344 0 0.887114071915649
0.530488205806622 0.619157044142202 0 0.93287863735525
0.447645432826243 0.677436575212646 0 0.975592231765546
0.40525 0.701913589767287 0 1
0.42275 0.732224478899743 0 1
0.378523795861088 0.757758489764579 0 0.975592231765546
0.282662621837606 0.802202455854817 0 0.93287863735525
0.123212320113557 0.842111205009504 0 0.887114071915648
-0.0477834109435105 0.850096135146357 0 0.859655332651887
-0.220401512453034 0.822549642539746 0 0.850502419563967
-0.383666419816627 0.76009655416747 0 0.859655332651887
-0.527760601782312 0.667683536292977 0 0.887114071915648
-0.645894239139089 0.553396394829734 0 0.93287863735525
-0.706690468034907 0.466976204138912 0 0.975592231765546
-0.732224478899743 0.42275 0 1
-0.757758489764579 0.378523795861088 0 0.975592231765546
-0.802202455854817 0.282662621837606 0 0.93287863735525
-0.842111205009504 0.123212320113557 0 0.887114071915648
-0.850096135146357 -0.0477834109435104 0 0.859655332651887
-0.822549642539747 -0.220401512453034 0 0.850502419563967
-0.76009655416747 -0.383666419816627 0 0.859655332651887
-0.667683536292977 -0.527760601782312 0 0.887114071915648
-0.553396394829734 -0.645894239139089 0 0.93287863735525
-0.466976204138912 -0.706690468034907 0 0.975592231765546
-0.42275 -0.732224478899743 0 1
-0.378523795861088 -0.757758489764579 0 0.975592231765546
-0.282662621837606 -0.802202455854817 0 0.93287863735525
-0.123212320113557 -0.842111205009504 0 0.887114071915648
0.0477834109435104 -0.850096135146357 0 0.859655332651887
0.220401512453034 -0.822549642539747 0 0.850502419563967
0.383666419816627 -0.76009655416747 0 0.859655332651887
0.527760601782312 -0.667683536292977 0 0.887114071915648
0.645894239139089 -0.553396394829734 0 0.93287863735525
0.706690468034907 -0.466976204138912 0 0.975592231765546
0.732224478899743 -0.42275 0 1
0.757758489764579 -0.378523795861089 0 0.975592231765546
0.802202455854817 -0.282662621837606 0 0.93287863735525
0.842111205009503 -0.123212320113557 0 0.887114071915648
0.850096135146357 0.0477834109435103 0 0.859655332651887
0.822549642539746 0.220401512453033 0 0.850502419563967
0.76009655416747 0.383666419816627 0 0.859655332651887
0.667683536292977 0.527760601782312 0 0.887114071915648
0.553396394829734 0.645894239139089 0 0.93287863735525
0.466976204138912 0.706690468034907 0 0.975592231765546
0.42275 0.732224478899743 0 1
0.45775 0.792846257164654 0 1
0.40986225323575 0.820494260649878 0 0.975592231765546
0.306064613000979 0.868617798149124 0 0.93287863735525
0.13341322183792 0.911830642443762 0 0.887114071915648
-0.0517394591588217 0.9204766549101 0 0.859655332651887
-0.238648828682143 0.890649553808561 0 0.850502419563967
-0.415430641445443 0.82302589632208 0 0.859655332651887
-0.571454560534248 0.722961889386423 0 0.887114071915648
-0.699368629132863 0.599212772875956 0 0.93287863735525
-0.765198253679429 0.505637746764251 0 0.975592231765546
-0.792846257164654 0.45775 0 1
-0.820494260649878 0.40986225323575 0 0.975592231765546
-0.868617798149124 0.306064613000979 0 0.93287863735525
-0.911830642443762 0.13341322183792 0 0.887114071915648
-0.9204766549101 -0.0517394591588217 0 0.859655332651887
-0.890649553808561 -0.238648828682143 0 0.850502419563967
-0.82302589632208 -0.415430641445443 0 0.859655332651887
-0.722961889386423 -0.571454560534248 0 0.887114071915648
-0.599212772875956 -0.699368629132863 0 0.93287863735525
-0.505637746764251 -0.765198253679429 0 0.975592231765546
-0.45775 -0.792846257164653 0 1
-0.40986225323575 -0.820494260649878 0 0.975592231765546
-0.306064613000979 -0.868617798149124 0 0.93287863735525
-0.13341322183792 -0.911830642443762 0 0.887114071915648
0.0517394591588217 -0.9204766549101 0 0.859655332651887
0.238648828682143 -0.890649553808561 0 0.850502419563967
0.415430641445443 -0.82302589632208 0 0.859655332651887
0.571454560534248 -0.722961889386423 0 0.887114071915648
0.699368629132863 -0.599212772875956 0 0.93287863735525
0.765198253679429 -0.505637746764251 0 0.975592231765546
0.792846257164653 -0.45775 0 1
0.820494260649878 -0.40986225323575 0 0.975592231765546
0.868617798149124 -0.306064613000979 0 0.93287863735525
0.911830642443762 -0.13341322183792 0 0.887114071915648
0.9204766549101 0.0517394591588216 0 0.859655332651887
0.890649553808561 0.238648828682143 0 0.850502419563967
0.82302589632208 0.415430641445443 0 0.859655332651887
0.722961889386423 0.571454560534248 0 0.887114071915648
0.599212772875956 0.699368629132863 0 0.93287863735525
0.505637746764251 0.765198253679429 0 0.975592231765546
0.45775 0.792846257164654 0 1
0.4875 0.844374768689828 0 1
0.436499942004212 0.873819665902383 0 0.975592231765546
0.325956305489847 0.925070839099286 0 0.93287863735525
0.142083988303628 0.971092164262881 0 0.887114071915648
-0.0551021001418364 0.980300096709282 0 0.859655332651887
-0.254159047476887 0.948534478387053 0 0.850502419563967
-0.442430229829937 0.876515837153499 0 0.859655332651887
-0.608594425473393 0.769948489515852 0 0.887114071915649
-0.744821860627571 0.638156694215246 0 0.93287863735525
-0.814929871477273 0.538500057995788 0 0.975592231765546
-0.844374768689828 0.4875 0 1
-0.873819665902382 0.436499942004212 0 0.975592231765546
-0.925070839099286 0.325956305489847 0 0.93287863735525
-0.971092164262881 0.142083988303628 0 0.887114071915648
-0.980300096709282 -0.0551021001418364 0 0.859655332651887
-0.948534478387053 -0.254159047476887 0 0.850502419563967
-0.876515837153499 -0.442430229829937 0 0.859655332651887
-0.769948489515852 -0.608594425473393 0 0.887114071915649
-0.638156694215246 -0.744821860627571 0 0.93287863735525
-0.538500057995789 -0.814929871477273 0 0.975592231765546
-0.4875 -0.844374768689828 0 1
-0.436499942004212 -0.873819665902382 0 0.975592231765546
-0.325956305489847 -0.925070839099286 0 0.93287863735525
-0.142083988303629 -0.971092164262881 0 0.887114071915648
0.0551021001418363 -0.980300096709282 0 0.859655332651887
0.254159047476887 -0.948534478387053 0 0.850502419563967
0.442430229829936 -0.876515837153499 0 0.859655332651887
0.608594425473393 -0.769948489515852 0 0.887114071915649
0.744821860627571 -0.638156694215246 0 0.93287863735525
0.814929871477273 -0.538500057995789 0 0.975592231765546
0.844374768689828 -0.4875 0 1
0.873819665902382 -0.436499942004212 0 0.975592231765546
0.925070839099286 -0.325956305489847 0 0.93287863735525
0.971092164262881 -0.142083988303629 0 0.887114071915648
0.980300096709282 0.0551021001418363 0 0.859655332651887
0.948534478387052 0.254159047476887 0 0.850502419563967
0.876515837153499 0.442430229829936 0 0.859655332651887
0.769948489515852 0.608594425473393 0 0.887114071915649
0.638156694215246 0.744821860627571 0 0.93287863735525
0.538500057995788 0.814929871477273 0 0.975592231765546
0.4875 0.844374768689828 0 1
0.505 0.874685657822283 0 1
0.452169170691543 0.905187551345032 0 0.975592231765546
0.337657301071534 0.95827851024644 0 0.93287863735525
0.14718443916581 1.00595188298001 0 0.887114071915648
-0.0570801242494921 1.01549035659115 0 0.859655332651887
-0.263282705591442 0.98258443402146 0 0.850502419563967
-0.458312340644344 0.907980508230804 0 0.859655332651887
-0.630441404849362 0.797587666062575 0 0.887114071915649
-0.771559055624458 0.661064883238357 0 0.93287863735525
-0.844183764299534 0.557830829308458 0 0.975592231765546
-0.874685657822283 0.505 0 1
-0.905187551345032 0.452169170691543 0 0.975592231765546
-0.95827851024644 0.337657301071534 0 0.93287863735525
-1.00595188298001 0.14718443916581 0 0.887114071915648
-1.01549035659115 -0.0570801242494921 0 0.859655332651887
-0.98258443402146 -0.263282705591442 0 0.850502419563967
-0.907980508230804 -0.458312340644344 0 0.859655332651887
-0.797587666062575 -0.630441404849362 0 0.887114071915649
-0.661064883238357 -0.771559055624458 0 0.93287863735525
-0.557830829308458 -0.844183764299534 0 0.975592231765546
-0.505 -0.874685657822283 0 1
-0.452169170691543 -0.905187551345032 0 0.975592231765546
-0.337657301071534 -0.95827851024644 0 0.93287863735525
-0.14718443916581 -1.00595188298001 0 0.887114071915648
0.057080124249492 -1.01549035659115 0 0.859655332651887
0.263282705591442 -0.98258443402146 0 0.850502419563967
0.458312340644344 -0.907980508230804 0 0.859655332651887
0.630441404849361 -0.797587666062575 0 0.887114071915649
0.771559055624458 -0.661064883238357 0 0.93287863735525
0.844183764299534 -0.557830829308458 0 0.975592231765546
0.874685657822283 -0.505 0 1
0.905187551345032 -0.452169170691543 0 0.975592231765546
0.95827851024644 -0.337657301071534 0 0.93287863735525
1.00595188298001 -0.14718443916581 0 0.887114071915648
1.01549035659115 0.0570801242494919 0 0.859655332651887
0.982584434021459 0.263282705591442 0 0.850502419563967
0.907980508230804 0.458312340644344 0 0.859655332651887
0.797587666062575 0.630441404849361 0 0.887114071915649
0.661064883238357 0.771559055624458 0 0.93287863735525
0.557830829308458 0.844183764299534 0 0.975592231765546
0.505 0.874685657822283 0 1
