3
3 3
5 7
0 0 0 0 0.5 1 1 1 1 
0 0 0 0 0.25 0.5 0.75 1 1 1 1 
0.408382134011743 0.687912808879159 0.64695652173913 1
0.405578211225667 0.689531654454487 0.64695652173913 1
0.399970535801373 0.692769247370232 0.646956521739131 1
0.394362842117672 0.696006850828049 0.646956521739131 1
0.39155890107219 0.69762570694545 0.646956521739131 1
0.408382134011743 0.687912808879159 0.593043478260869 1
0.405579863322812 0.689534483225406 0.59304347826087 1
0.399973808583532 0.69277492302324 0.59304347826087 1
0.394364462802686 0.696009697710138 0.59304347826087 1
0.39155890107219 0.69762570694545 0.59304347826087 1
0.408382134011744 0.687912808879158 0.485217391304348 1
0.405583167517103 0.689540140767246 0.485217391304348 1
0.399980354147851 0.692786274329256 0.485217391304348 1
0.394367704172715 0.696015391474315 0.485217391304348 1
0.391558901072189 0.69762570694545 0.485217391304348 1
0.408382134011745 0.687912808879158 0.323478260869565 1
0.405588123808538 0.689548627080005 0.323478260869565 1
0.399990172494331 0.692803301288282 0.323478260869565 1
0.394372566227759 0.696023932120581 0.323478260869565 1
0.391558901072188 0.697625706945451 0.323478260869565 1
0.408382134011747 0.687912808879158 0.161739130434783 1
0.405593080099974 0.689557113392764 0.161739130434783 1
0.39999999084081 0.692820328247307 0.161739130434783 1
0.394377428282803 0.696032472766848 0.161739130434783 1
0.391558901072187 0.697625706945452 0.161739130434783 1
0.408382134011747 0.687912808879157 0.0539130434782609 1
0.405596384294264 0.689562770934603 0.0539130434782609 1
0.40000653640513 0.692831679553324 0.0539130434782609 1
0.394380669652832 0.696038166531025 0.053913043478261 1
0.391558901072186 0.697625706945453 0.053913043478261 1
0.408382134011748 0.687912808879157 0 1
0.405598036391409 0.689565599705523 0 1
0.400009809187289 0.692837355206332 0 1
0.394382290337847 0.696041013413114 0 1
0.391558901072185 0.697625706945453 0 1
