3
3 3
31 11
0 0 0 0 0.0500274467942897 0.100054893588579 0.133412 0.166768859508343 0.200126 0.233482825428106 0.26684 0.300196791347869 0.333554 0.366910757267632 0.400268 0.433624723187395 0.466982 0.500338689107159 0.53364 0.566939761217522 0.600241 0.633540833327884 0.666842 0.700141905438247 0.733443 0.76674297754861 0.800043 0.833344049658973 0.866645 0.899945121769336 0.949972560884668 1 1 1 1 
0 0 0 0 0.125 0.25 0.375 0.5 0.625 0.75 0.875 1 1 1 1 
-0.799941035083933 -0.0097128980662905 0.646956521739131 1
-0.774077504412014 -0.00939886266288736 0.640490162477384 1
-0.722348482577342 -0.0087924989775498 0.627566170424385 1
-0.65336236114429 -0.00806368357880038 0.610364520087007 1
-0.592998708011094 -0.00750375883074322 0.59534587305592 1
-0.541246682383024 -0.0070973275288212 0.58250104442018 1
-0.489477027497792 -0.00678460111070284 0.569691641516972 1
-0.437698562163098 -0.00659351064931959 0.55693167006309 1
-0.385920757093645 -0.00655199003826448 0.544235296603258 1
-0.334084263806129 -0.00678417555187838 0.531640637851689 1
-0.282130528306997 -0.00741420010267368 0.519186003642427 1
-0.230256583158857 -0.00859228515097159 0.506983353761711 1
-0.178660394020482 -0.0104686331353689 0.495144868414228 1
-0.126591446693756 -0.0147428965420641 0.484207635312813 1
-0.0733003189655463 -0.0231146286962248 0.474708967506564 1
-0.0238890899827919 -0.0413038446535569 0.470324205955194 1
0.0165838548284757 -0.0750095392008514 0.474709077172045 1
0.0505055795267574 -0.116965480767466 0.484197273287248 1
0.0802665434761578 -0.159953939657474 0.495142225885467 1
0.10770762609753 -0.203738566143848 0.506992919393539 1
0.134667993787296 -0.248080582352766 0.519197727866548 1
0.161184800641158 -0.292747852235577 0.531649098723309 1
0.187293848639889 -0.337506004080752 0.544238862272691 1
0.213134560901023 -0.382347037625487 0.5569294850463 1
0.238845970531165 -0.427262294786726 0.569683250079187 1
0.264459058552497 -0.472250601805472 0.582492073268337 1
0.290004322378359 -0.517309933854173 0.595347627971936 1
0.31972934146704 -0.569916057541559 0.610380474615849 1
0.353552548369727 -0.629955706339399 0.627562547346226 1
0.378898796747344 -0.675069677094169 0.640490008345121 1
0.39155890107219 -0.69762570694545 0.646956521739131 1
-0.799941035083933 -0.0097128980662905 0.629565217391304 1
-0.775253789373649 -0.0107495577282489 0.62317166669918 1
-0.725762002570746 -0.0128263777568797 0.610393633600636 1
-0.658980475218574 -0.014785619880874 0.592735617270587 1
-0.599631022086616 -0.0153177283399525 0.576367111544844 1
-0.548206466977908 -0.0151243750275549 0.561840617273556 1
-0.496307947899756 -0.0144429297944348 0.54695231995856 1
-0.444028621144396 -0.013438774315311 0.531844279935625 1
-0.391462297814207 -0.0122772987960026 0.516658744631343 1
-0.338646500873172 -0.0112197572590284 0.501559205133539 1
-0.285619559830885 -0.0105274167204446 0.486709381978703 1
-0.232667457659392 -0.0104870144528688 0.472343310577964 1
-0.18007712822991 -0.0113852891656706 0.45869528568252 1
-0.127227084771333 -0.0149927838668294 0.446406882068743 1
-0.0734969482510599 -0.0230799580101886 0.436119930498356 1
-0.0238713743540032 -0.0412718118773144 0.431483873467674 1
0.0167089930630768 -0.0751719545177425 0.436127408815257 1
0.0506035564598536 -0.117658370195062 0.446408736810641 1
0.0801749633936593 -0.161658007188304 0.458706924831909 1
0.107263430540812 -0.206790823786519 0.472367375249202 1
0.133707476845149 -0.25267429183445 0.486734796895499 1
0.159616832376792 -0.298930515425768 0.501579749999139 1
0.185099899800061 -0.345179291312544 0.516672068794586 1
0.210366604647044 -0.391260617530426 0.53184924303328 1
0.23562648704369 -0.437013823310822 0.54694854978025 1
0.260986715829234 -0.482295293065911 0.561834047203457 1
0.286553988322812 -0.526960539297146 0.576369499975304 1
0.31671766342024 -0.578140075152564 0.59275218292701 1
0.351764934626485 -0.634930931737204 0.610391242484248 1
0.378316817486697 -0.676764427906743 0.623172077981636 1
0.39155890107219 -0.69762570694545 0.629565217391304 1
-0.799941035083933 -0.00971289806629044 0.594782608695652 1
-0.777549212723798 -0.0133519670852177 0.588552385195699 1
-0.732423253649201 -0.0206069804866019 0.57609993889296 1
-0.670127113016797 -0.0280743174375263 0.557505576204536 1
-0.613184165637161 -0.0314453907175027 0.538320175934747 1
-0.562913617602392 -0.0325426011626523 0.520275686946873 1
-0.511392753608995 -0.0322242348154981 0.501032691802602 1
-0.458844774894394 -0.0308636653864574 0.481001331743081 1
-0.405493535182084 -0.0288342724557482 0.460591990145692 1
-0.351531672279889 -0.0266046397919738 0.440230877901415 1
-0.297152642954587 -0.024643376605817 0.420344511632953 1
-0.242781704005078 -0.0234433478779622 0.40142304872904 1
-0.188845085613694 -0.0234974382152448 0.383956987828232 1
-0.134940728384059 -0.026651066908709 0.368808848712804 1
-0.0806677010279472 -0.0347495816184955 0.356841471900113 1
-0.0307371129143779 -0.0531609237611959 0.351664496124625 1
0.0101840192895223 -0.0872318634735774 0.356864382936977 1
0.0443607540036115 -0.130196402772715 0.368836256101257 1
0.0740616506432424 -0.175337468408878 0.383998534202965 1
0.101087086781816 -0.222054342243043 0.401477519907573 1
0.127235742632311 -0.269743755425282 0.420398646649753 1
0.152723991153134 -0.317802991987143 0.440276766096702 1
0.177766890602485 -0.36562694884932 0.460625774776429 1
0.202676854035914 -0.41281833457851 0.481021272144655 1
0.227765908835405 -0.458979183383839 0.501038583654004 1
0.253255078571588 -0.503747716184304 0.520274114164246 1
0.279364923793102 -0.546761267461272 0.538323868266958 1
0.310784069543548 -0.594432637645444 0.557523417378562 1
0.348355867885951 -0.644593583662233 0.576100126934731 1
0.377210179992139 -0.680054646595595 0.588553981371774 1
0.39155890107219 -0.69762570694545 0.594782608695652 1
-0.799941035083933 -0.0097128980662905 0.542608695652174 1
-0.780833875351974 -0.0169810988617701 0.536512354493947 1
-0.741955383264107 -0.0314815793684496 0.524337058201963 1
-0.686598627912698 -0.0475770499252193 0.504486326651441 1
-0.634313959155735 -0.0570226604425462 0.481810724753275 1
-0.587158375074433 -0.0624527941650033 0.459459563499058 1
-0.53796596710626 -0.065730873767495 0.434919879507497 1
-0.487047879504222 -0.0673567160960874 0.40892882812798 1
-0.434715882975121 -0.0678301008236001 0.382223873606661 1
-0.381288168662074 -0.0677450708971784 0.355550203125786 1
-0.327083732846542 -0.0676956571900524 0.329653401279077 1
-0.272629627073137 -0.0682983858895587 0.305332707066642 1
-0.21845387360852 -0.0701697670678023 0.283387798090768 1
-0.164376436772614 -0.0750820017445709 0.264937509340165 1
-0.110218408662953 -0.0848071836992109 0.251101072009077 1
-0.0601732624091847 -0.104141787949869 0.245353177069259 1
-0.0183917971364356 -0.1378641155354 0.251142769252645 1
0.0171413213403034 -0.179929617170883 0.264996224671753 1
0.048446854754439 -0.224339937335638 0.283465774204952 1
0.0771586204379152 -0.270348329034205 0.305423951877819 1
0.1049086551403 -0.317205543271626 0.329742217684684 1
0.131966507192015 -0.364156597901908 0.355626732515315 1
0.158600327474284 -0.410444180349893 0.382282429781683 1
0.185169448503109 -0.455500068496681 0.408966961590886 1
0.212032790439209 -0.498755403055098 0.434937632497785 1
0.239475337150564 -0.539706180499399 0.459464262488507 1
0.267781578750087 -0.577847564385846 0.481816141606981 1
0.302132597130809 -0.61844034204052 0.504505746946631 1
0.343703045915785 -0.658289470353779 0.524340392027779 1
0.375709179922334 -0.684714654447075 0.536515388825281 1
0.39155890107219 -0.69762570694545 0.542608695652174 1
-0.799941035083933 -0.00971289806629055 0.490434782608696 1
-0.783973032905414 -0.0203582084417833 0.484196976740358 1
-0.751065385598527 -0.0416250323116385 0.471775363432536 1
-0.702842030256771 -0.0666846798608262 0.451035407489938 1
-0.656178362861318 -0.0838723124076304 0.426691415802989 1
-0.613408451312959 -0.0958363013538734 0.402438212235977 1
-0.568162295754407 -0.105512932599497 0.375663282207451 1
-0.520740624721504 -0.113358103794047 0.347244665673153 1
-0.471444746470343 -0.11982759651511 0.318060739071985 1
-0.420620051770586 -0.12547055925802 0.288989545882739 1
-0.368612692923524 -0.130836039337151 0.260909562309608 1
-0.315953165206406 -0.13649387518517 0.234742994070509 1
-0.263172898546865 -0.14301379550984 0.211412519613856 1
-0.21021552872738 -0.151924431949471 0.192107171893456 1
-0.157025790619726 -0.164754224175298 0.17801640187617 1
-0.107180985758624 -0.185557512555144 0.172293489036337 1
-0.0642185743653756 -0.218375909887204 0.178066073328606 1
-0.0264723003135913 -0.258058401465048 0.192179795779905 1
0.00773286309553847 -0.299494981977446 0.211506031663228 1
0.0397661106198825 -0.34196272452457 0.234849114972308 1
0.0709946962884101 -0.384736382155767 0.261012246437667 1
0.101643293064401 -0.427078535419102 0.289078442840757 1
0.131935000236171 -0.468249653021705 0.318129398037755 1
0.162177998047604 -0.507680447392334 0.347290403183209 1
0.192680003575482 -0.544801072775342 0.375686373992983 1
0.223691880093794 -0.579135182296963 0.402446149307277 1
0.255463926466013 -0.610205718832655 0.426697983897331 1
0.293709674871938 -0.642052185934497 0.451055578808494 1
0.339473297989038 -0.671252571265071 0.471780051432155 1
0.374354129116388 -0.689121870743842 0.484200608664065 1
0.39155890107219 -0.69762570694545 0.490434782608696 1
-0.799941035083933 -0.00971289806629055 0.438260869565218 1
-0.78703333289321 -0.0235987327037714 0.431670107585411 1
-0.759946612889937 -0.0513722352342901 0.418600107313009 1
-0.718961805293947 -0.0855781810075 0.397252927086735 1
-0.67844089406279 -0.111411541462717 0.372639861624719 1
-0.640745325084493 -0.131102197194543 0.348331588702235 1
-0.600322198809572 -0.148696002262378 0.321672877182346 1
-0.557408521804411 -0.164512605976663 0.293539687361052 1
-0.512241822402893 -0.178871443244922 0.264808313514626 1
-0.46514138747172 -0.192184443684101 0.236346698454679 1
-0.416427205659714 -0.204863318662998 0.209023209738085 1
-0.366579913908192 -0.217338896963455 0.183740066754991 1
-0.316081029630252 -0.230041772670582 0.161399947192574 1
-0.26494455732997 -0.244164684980449 0.143119127120849 1
-0.213185556543711 -0.260900069776034 0.130014281212434 1
-0.163711755236914 -0.283467637836772 0.124774056457159 1
-0.119394639077206 -0.315081146095181 0.130063622283009 1
-0.0789708755461487 -0.351576377655834 0.143192295260693 1
-0.0411642508617254 -0.3888236110109 0.16149294684862 1
-0.00492333845616694 -0.426215790268573 0.183844244457654 1
0.0308011456730251 -0.463143793643836 0.209123774813233 1
0.0661358597891304 -0.498979804408441 0.236433927186386 1
0.101205661594251 -0.533094200327901 0.26487580834375 1
0.136214428349758 -0.565008688114734 0.293584895599112 1
0.171365510260608 -0.594244517931807 0.321696298014198 1
0.206822494332734 -0.620445067890757 0.348340433707331 1
0.242748310869876 -0.643253165994719 0.372647140628229 1
0.285410617081671 -0.665449490263394 0.397273213374765 1
0.335472838210565 -0.683818533431386 0.418604773367973 1
0.373078176607708 -0.693392084763157 0.431673691473288 1
0.39155890107219 -0.69762570694545 0.438260869565218 1
-0.799941035083933 -0.00971289806629061 0.386086956521739 1
-0.790081422824457 -0.0268181085262485 0.378995602679586 1
-0.768792417375818 -0.0610580840545262 0.364996542571712 1
-0.735062438269151 -0.104438527128393 0.343238993808538 1
-0.700765070069036 -0.139057542457767 0.319333674759293 1
-0.668250475155559 -0.166659556152292 0.296259648442435 1
-0.632786135527891 -0.192405673707012 0.271358641712066 1
-0.594537082011117 -0.216465000140262 0.245404736174127 1
-0.553668807507914 -0.239006324727676 0.219172323907549 1
-0.510466241631775 -0.260290062985027 0.193419453124009 1
-0.465214953529291 -0.28057629078348 0.168904558578048 1
-0.418337468681802 -0.300142532423072 0.146410082134438 1
-0.370257136060199 -0.319265947679253 0.126718875621999 1
-0.321050075661999 -0.338789088294546 0.110774665770519 1
-0.270793416080354 -0.359554087230697 0.0995215297289104 1
-0.221717043118274 -0.383931704054504 0.095083503763024 1
-0.176018317951834 -0.414293723725522 0.0995647432340025 1
-0.132845168945445 -0.447477167743865 0.110839048949098 1
-0.091328413645619 -0.480346833112596 0.126800160031955 1
-0.0507426225741182 -0.512425787820651 0.146500575600473 1
-0.0103647171094703 -0.543235299301966 0.168991844715913 1
0.0298257183850389 -0.572271404739642 0.193495215665559 1
0.0698470642546298 -0.599028655731625 0.219230789498774 1
0.109790665089931 -0.623134007513146 0.245443737516083 1
0.149747272510971 -0.644214063911729 0.271378894436028 1
0.189784966798839 -0.662046183594545 0.296267774775446 1
0.229971075890671 -0.67640734106506 0.31934135728989 1
0.277130738074745 -0.688813575963228 0.34325895105606 1
0.331507880685222 -0.696323003887999 0.365000226055344 1
0.371814471429703 -0.69764108578228 0.378998687838111 1
0.39155890107219 -0.69762570694545 0.386086956521739 1
-0.799941035083933 -0.00971289806629061 0.333913043478261 1
-0.793120727675389 -0.0300222681424066 0.326212995717899 1
-0.777612735313763 -0.0706997888763182 0.311079361092724 1
-0.751149298617579 -0.123275018358598 0.289055585782707 1
-0.723133599232753 -0.166780365379405 0.266573261789501 1
-0.695876699260996 -0.202426621500979 0.245677546813417 1
-0.665468823088041 -0.23649423274545 0.223736176251504 1
-0.631997087246263 -0.268991473965697 0.201348278034183 1
-0.595549009405858 -0.299926200767274 0.179113251677694 1
-0.556369223679023 -0.329397029216812 0.15760617954086 1
-0.514702939663667 -0.357502111224998 0.137402470193577 1
-0.470908633295825 -0.384355381543991 0.119091718725047 1
-0.425345545001662 -0.410070277079638 0.103263857033599 1
-0.378145972111906 -0.4351288769251 0.0906169923368534 1
-0.329443172404121 -0.460012722959568 0.0818495130198593 1
-0.280783240303623 -0.486233319193506 0.0784476384182433 1
-0.233683548651589 -0.51531032213833 0.0818823541375742 1
-0.187709285326756 -0.545092381624776 0.0906657595035703 1
-0.14240421231414 -0.573449054974299 0.103325223228954 1
-0.0973748178808564 -0.60004378893385 0.119159930915572 1
-0.0522301540867145 -0.624538503077998 0.137468305888026 1
-0.00706196787741548 -0.646563342166086 0.157663301613471 1
0.038035718135733 -0.665747295068731 0.179156929035586 1
0.0830357946492609 -0.681832821404157 0.201376915202174 1
0.127910492018018 -0.694562137048233 0.223750700176436 1
0.172626462021921 -0.703856838041729 0.245683763438708 1
0.217149506044796 -0.709638306381388 0.266581122775447 1
0.268864658115455 -0.7121537610101 0.289074888876108 1
0.327568466870001 -0.708783231338348 0.311081358613617 1
0.370559578150576 -0.701874824143966 0.32621525213963 1
0.39155890107219 -0.69762570694545 0.333913043478261 1
-0.799941035083933 -0.00971289806629061 0.281739130434783 1
-0.796154672422242 -0.033217143785438 0.273361820395366 1
-0.78641750296137 -0.0803145598036378 0.256963254760124 1
-0.767227755774422 -0.142096954833204 0.234764681136598 1
-0.745529189906641 -0.194550060214255 0.214159029298128 1
-0.723576795135643 -0.238321636514462 0.196040439172017 1
-0.698284978668699 -0.280813965189745 0.177821081255555 1
-0.669659319414495 -0.32186821513382 0.159878778863023 1
-0.637705735717174 -0.361325031167613 0.142591578252001 1
-0.602624943041741 -0.399114954435472 0.126305247355364 1
-0.564618167194254 -0.435167935513949 0.111365805948752 1
-0.523976211518848 -0.469428044306182 0.0981236550430183 1
-0.480990583619596 -0.501838717415517 0.0869294435588418 1
-0.435846135068131 -0.532515285905448 0.0781893113142396 1
-0.388728628689484 -0.56157242338293 0.0723095966795417 1
-0.340496737693882 -0.589656091238945 0.0700922678871264 1
-0.2919842688388 -0.617427620693705 0.0723293729497125 1
-0.243177329505356 -0.643753629194206 0.0782181295825581 1
-0.194036233925285 -0.66751468328777 0.0869656884553408 1
-0.144503000523267 -0.688520865361217 0.0981641329177593 1
-0.0945224272863465 -0.706581008919775 0.111405008071889 1
-0.044302035727775 -0.721465622441156 0.126339178365316 1
0.00594813315598758 -0.732944394175071 0.142616814486948 1
0.056078903408885 -0.74088154560435 0.159894414925436 1
0.105940370473198 -0.745141163674444 0.17782825215338 1
0.155394144531792 -0.745795339865712 0.196043990624206 1
0.204300885848649 -0.742916124281416 0.214166925978031 1
0.260606997468098 -0.735479363380111 0.23478312385864 1
0.323644638221896 -0.721216464485874 0.256963120162138 1
0.369310061338532 -0.706099250190972 0.273363038758943 1
0.39155890107219 -0.69762570694545 0.281739130434783 1
-0.799941035083933 -0.00971289806629061 0.24695652173913 1
-0.798176126281168 -0.0353450240368865 0.238090819586439 1
-0.792283936426233 -0.086718497965552 0.220778845941285 1
-0.777944883606209 -0.154641719263311 0.198512920696771 1
-0.76046552081026 -0.21307347350001 0.179402423195228 1
-0.742059732709097 -0.262279717855781 0.163457360207315 1
-0.720191697746499 -0.310411171442193 0.14812943754598 1
-0.694811841479886 -0.357196222311474 0.133624009263788 1
-0.665870887599913 -0.402362664269631 0.120146614680712 1
-0.633539477578578 -0.445727611714432 0.107865213868234 1
-0.597988719558437 -0.48710750378433 0.0969479616112777 1
-0.559463506949268 -0.526331790389127 0.0875608653076934 1
-0.518209396997305 -0.563229197368825 0.0798701125298165 1
-0.474445482551672 -0.597669180322454 0.0740622669539943 1
-0.428391734690075 -0.629520456833827 0.0703240285437607 1
-0.380447749449737 -0.658850580539779 0.0689762205064421 1
-0.33099083793062 -0.685747306252267 0.0703336466017449 1
-0.280288523493236 -0.709757287294227 0.07407545523348 1
-0.228579613397015 -0.730436467333613 0.0798868110783915 1
-0.176030605378321 -0.747694058570066 0.0875799203682152 1
-0.122810921204032 -0.761438210925656 0.0969666199396729 1
-0.0692060578787035 -0.771534381247625 0.107881236338625 1
-0.0155041951906522 -0.777847431237564 0.120157591890783 1
0.0380633205197327 -0.780324129805866 0.133629559478282 1
0.0912643686087236 -0.778911184466651 0.148130832729623 1
0.143889738837856 -0.773782389972703 0.163458728501523 1
0.1957292043786 -0.765111615369853 0.179410266877655 1
0.255103737512668 -0.751026565614741 0.19853067891063 1
0.321032171741772 -0.729499364208056 0.220777049936782 1
0.36847822969275 -0.708913491160449 0.238091233314216 1
0.39155890107219 -0.69762570694545 0.24695652173913 1
-0.799941035083933 -0.00971289806629061 0.229565217391304 1
-0.799187158575155 -0.0364094930695122 0.220448305278497 1
-0.795218039056951 -0.0899220014674386 0.202666293375583 1
-0.783303926250979 -0.160914930661149 0.180376044575694 1
-0.767932144570889 -0.22233250985528 0.162059531176383 1
-0.751296993029466 -0.274251469248473 0.14726248479181 1
-0.731137453627329 -0.325196604645567 0.133458263757619 1
-0.70737658166702 -0.374840271209307 0.120761246226809 1
-0.67993770997665 -0.422854194844745 0.10928597578396 1
-0.648976649441931 -0.46899913408936 0.0991067675433265 1
-0.614649655846389 -0.51303512998382 0.0902981013321376 1
-0.577178874037179 -0.554734679944461 0.0829290468451508 1
-0.536787092556292 -0.593869512054257 0.0770688184734365 1
-0.493710731298753 -0.630186501687711 0.0727894508661116 1
-0.44818707193528 -0.663431746027855 0.0701630824599633 1
-0.400386378708021 -0.693383953007728 0.0692652141671862 1
-0.350457918712127 -0.719844442268609 0.0701673459983035 1
-0.298809714788701 -0.742699523923018 0.0727943809373201 1
-0.245819615174594 -0.761842474199671 0.0770752116210821 1
-0.191766151463294 -0.777231713750766 0.0829368327034272 1
-0.136930851351441 -0.788824693973321 0.0903059575775438 1
-0.0816379938148612 -0.796533989487634 0.0991133702606629 1
-0.0262146220672355 -0.800271691969738 0.109289449825072 1
0.0290670381773233 -0.800025487555788 0.120761483783846 1
0.0839339641011677 -0.795783037468502 0.133456604940794 1
0.138141741092833 -0.787768631575566 0.147262684229969 1
0.191444904698979 -0.776206691727664 0.162067333756914 1
0.252351627887703 -0.758800997505513 0.180393439441362 1
0.319725050616498 -0.733642351931533 0.202663621030211 1
0.368062007573135 -0.710321142166704 0.220448295276753 1
0.39155890107219 -0.69762570694545 0.229565217391304 1
