3
3 3
5 7
0 0 0 0 0.5 1 1 1 1 
0 0 0 0 0.25 0.5 0.75 1 1 1 1 
0.39155890107219 -0.69762570694545 0.646956521739131 1
0.394362823858266 -0.696006861370122 0.64695652173913 1
0.39997049928256 -0.692769268454378 0.646956521739131 1
0.405578192966261 -0.68953166499656 0.646956521739131 1
0.408382134011743 -0.68791280887916 0.646956521739131 1
0.39155890107219 -0.69762570694545 0.59304347826087 1
0.394364447597171 -0.696009706513679 0.593043478260869 1
0.399973778151169 -0.692774940593373 0.59304347826087 1
0.405579848095964 -0.689534491991999 0.59304347826087 1
0.408382134011743 -0.687912808879159 0.59304347826087 1
0.391558901072189 -0.69762570694545 0.485217391304348 1
0.394367695074982 -0.696015396800793 0.485217391304347 1
0.399980335888385 -0.692786284871364 0.485217391304348 1
0.40558315835537 -0.689540145982876 0.485217391304348 1
0.408382134011743 -0.687912808879159 0.485217391304348 1
0.391558901072189 -0.69762570694545 0.323478260869565 1
0.394372566291699 -0.696023932231463 0.323478260869565 1
0.399990172494211 -0.692803301288351 0.323478260869565 1
0.405588123744478 -0.689548626969192 0.323478260869565 1
0.408382134011743 -0.687912808879159 0.323478260869565 1
0.39155890107219 -0.69762570694545 0.161739130434783 1
0.394377437508416 -0.696032467662134 0.161739130434783 1
0.400000009100036 -0.692820317705338 0.161739130434783 1
0.405593089133587 -0.689557107955509 0.161739130434783 1
0.408382134011743 -0.68791280887916 0.161739130434783 1
0.39155890107219 -0.69762570694545 0.053913043478261 1
0.394380684986227 -0.696038157949248 0.053913043478261 1
0.400006566837253 -0.692831661983329 0.0539130434782609 1
0.405596399392992 -0.689562761946386 0.0539130434782609 1
0.408382134011743 -0.68791280887916 0.053913043478261 1
0.39155890107219 -0.69762570694545 0 1
0.394382308725133 -0.696041003092805 0 1
0.400009845705862 -0.692837334122324 0 1
0.405598054522695 -0.689565588941824 0 1
0.408382134011743 -0.68791280887916 0 1
