3
3 3
15 6
0 0 0 0 0.083334 0.166666663583281 0.25 0.333333327166562 0.416667 0.499999990749843 0.583334 0.666666660499895 0.75 0.833333330249948 0.916667 1 1 1 1 
0 0 0 0 0.333333333333333 0.666666666666667 1 1 1 1 
0.408382134011743 -0.687912808879159 0.229565217391304 1
0.44614854124847 -0.664662831637589 0.214425915248948 1
0.518942982899067 -0.612074710248238 0.185263212747637 1
0.615542518685251 -0.515839571661461 0.146371843950595 1
0.695170956335684 -0.403164350224622 0.113838934562433 1
0.754845103860561 -0.277211010611481 0.0890258173344252 1
0.791580905684972 -0.141142985435524 0.0732941813055989 1
0.804211919984504 -3.86276831110255E-06 0.06769971952901 1
0.791571447976283 0.141161315223348 0.0732982300433337 1
0.754828318899947 0.277261769659452 0.0890329246415685 1
0.695151566619249 0.403205537461184 0.113846941938119 1
0.615524746118229 0.515857518494518 0.146379008678937 1
0.51893227597413 0.612081145042195 0.185267495322228 1
0.446144573604983 0.664665274221555 0.214427505745846 1
0.408382134011743 0.68791280887916 0.229565217391304 1
0.408382134011743 -0.68791280887916 0.204057971014493 1
0.446325783728264 -0.664649811126066 0.190600813554621 1
0.519361303637644 -0.611924677339674 0.164678411331233 1
0.616050324636709 -0.515388466468212 0.130108305733862 1
0.695564192018621 -0.402553973518755 0.101190164055496 1
0.755042730394086 -0.27662157046457 0.0791340598528224 1
0.791624903392639 -0.140793098283661 0.0651503833827546 1
0.804189759636001 -3.60742937743908E-06 0.0601775284702311 1
0.791616091491929 0.140810399571486 0.0651539822607411 1
0.755026885534498 0.276669644459297 0.079140377459172 1
0.69554533316731 0.402593664529283 0.101197281722773 1
0.616032556477554 0.515406664353535 0.130114674381277 1
0.519350538550783 0.611931379824682 0.164682218064203 1
0.446321813826723 0.664652245364216 0.190602227329641 1
0.408382134011744 0.687912808879159 0.204057971014493 1
0.408382134011743 -0.68791280887916 0.15304347826087 1
0.446680268687852 -0.664623770103022 0.142950610165965 1
0.520197945114798 -0.611624611522546 0.123508808498425 1
0.617065936539625 -0.514486256081714 0.0975812293003966 1
0.696350663384494 -0.401333220107022 0.075892623041622 1
0.755437983461135 -0.275442690170749 0.0593505448896168 1
0.791712898807972 -0.140093323979935 0.048862787537066 1
0.804145438938996 -3.09675151044519E-06 0.0451331463526733 1
0.791705378523219 0.140108568267761 0.0488654866955558 1
0.755424018803599 0.275485394058988 0.059355283094379 1
0.696332866263432 0.40136991866548 0.0758979612920797 1
0.617048177196202 0.514504956071568 0.0975860057859581 1
0.520187063704087 0.611631849389654 0.123511663548152 1
0.446676294270204 0.66462618764954 0.142951670497231 1
0.408382134011744 0.687912808879158 0.15304347826087 1
0.408382134011743 -0.68791280887916 0.0765217391304348 1
0.447211996127235 -0.664584708568455 0.0714753050829828 1
0.521452907330529 -0.611174512796854 0.0617544042492124 1
0.618589354393998 -0.513132940501968 0.0487906146501983 1
0.697530370433304 -0.399502089989422 0.037946311520811 1
0.756030863061709 -0.273674369730018 0.0296752724448084 1
0.791844891930971 -0.139043662524345 0.024431393768533 1
0.804078957893488 -2.33073470984335E-06 0.0225665731763367 1
0.791839309070156 0.139055821312174 0.0244327433477779 1
0.756019718707252 0.273709018458524 0.0296776415471895 1
0.697514165907617 0.399534299869776 0.0379489806460398 1
0.618571608274174 0.513152393648619 0.048793002892979 1
0.521441851434044 0.611182553737114 0.061755831774076 1
0.447208014935426 0.664587101077525 0.0714758352486153 1
0.408382134011746 0.687912808879158 0.0765217391304348 1
0.408382134011743 -0.68791280887916 0.0255072463768116 1
0.447566481086824 -0.664558667545411 0.0238251016943276 1
0.522289548807683 -0.610874446979726 0.0205848014164041 1
0.619604966296914 -0.51223073011547 0.0162635382167328 1
0.698316841799178 -0.398281336577689 0.012648770506937 1
0.756426116128759 -0.272495489436197 0.0098917574816028 1
0.791932887346304 -0.138343888220618 0.00814379792284433 1
0.804034637196482 -1.82005684279396E-06 0.00752219105877889 1
0.791928596101447 0.138353990008448 0.00814424778259264 1
0.756416851976354 0.272524768058215 0.00989254718239649 1
0.698301699003739 0.398310554005973 0.0126496602153466 1
0.619587228992822 0.512250685366653 0.0162643342976597 1
0.522278376587348 0.610883023302087 0.0205852772580253 1
0.447562495378907 0.664561043362848 0.0238252784162051 1
0.408382134011747 0.687912808879157 0.0255072463768116 1
0.408382134011743 -0.68791280887916 0 1
0.447743723566618 -0.664545647033888 0 1
0.52270786954626 -0.610724414071162 0 1
0.620112772248372 -0.511779624922221 0 1
0.698710077482114 -0.397670959871822 0 1
0.756623742662283 -0.271906049289286 0 1
0.79197688505397 -0.137994001068755 0 1
0.804012476847979 -1.56471790929702E-06 0 1
0.791973239617093 0.138003074356586 0 1
0.756615418610905 0.271932642858061 0 1
0.698695465551801 0.397698681074072 0 1
0.620095039352146 0.51179983122567 0 1
0.522696639164001 0.610733258084573 0 1
0.447739735600648 0.66454801450551 0 1
0.408382134011748 0.687912808879157 0 1
