3
3 3
5 7
0 0 0 0 0.5 1 1 1 1 
0 0 0 0 0.25 0.5 0.75 1 1 1 1 
-1.14982484942985 0.0200702674028762 0.93 1
-1.14982484942985 0.0133799286409872 0.93 1
-1.14982484942985 9.003051926193E-08 0.93 1
-1.14982484942985 -0.0133798386104679 0.93 1
-1.14982484942985 -0.0200702674028759 0.93 1
-1.14982484942985 0.020070267402876 0.8525 1
-1.14983458006238 0.0133799985517703 0.8525 1
-1.14984431056397 7.5025534285178E-08 0.8525 1
-1.14983457993143 -0.013379923526236 0.8525 1
-1.14982484942985 -0.0200702674028759 0.8525 1
-1.14982484942985 0.020070267402876 0.697499999999999 1
-1.14985404132744 0.0133801383733367 0.697499999999999 1
-1.1498832328322 4.50155644426964E-08 0.6975 1
-1.1498540409346 -0.0133800933577723 0.6975 1
-1.14982484942985 -0.020070267402876 0.6975 1
-1.14982484942985 0.0200702674028763 0.465 1
-1.14988323322504 0.0133803481056872 0.465 1
-1.14994161623455 6.09734485124136E-13 0.465 1
-1.14988323243936 -0.0133803481050773 0.465 1
-1.14982484942985 -0.020070267402876 0.465 1
-1.14982484942985 0.0200702674028764 0.2325 1
-1.14991242512263 0.0133805578380378 0.2325 1
-1.14999999963689 -4.50143446406592E-08 0.2325 1
-1.14991242394411 -0.0133806028523824 0.2325 1
-1.14982484942985 -0.020070267402876 0.2325 1
-1.14982484942985 0.0200702674028762 0.0775000000000002 1
-1.14993188638769 0.0133806976596046 0.0775000000000002 1
-1.15003892190513 -7.50243142610962E-08 0.0775000000000002 1
-1.14993188494728 -0.0133807726839189 0.0775000000000002 1
-1.14982484942985 -0.020070267402876 0.0775000000000002 1
-1.14982484942985 0.0200702674028762 0 1
-1.14994161702022 0.0133807675703879 0 1
-1.15005838303924 -9.00292990158036E-08 0 1
-1.14994161544887 -0.0133808575996869 0 1
-1.14982484942985 -0.0200702674028759 0 1
