3
3 3
31 11
0 0 0 0 0.050026914637245 0.10005382927449 0.133411 0.166767037895699 0.200124 0.233480246516908 0.266837 0.300193455138117 0.33355 0.366906663759326 0.400264 0.433619872380535 0.466977 0.500333081001744 0.533634 0.566935265166232 0.600236 0.633537449330721 0.666839 0.700139633495209 0.733441 0.766741817659697 0.800043 0.833344001824185 0.866645 0.899946185988673 0.949973092994337 1 1 1 1 
0 0 0 0 0.125 0.25 0.375 0.5 0.625 0.75 0.875 1 1 1 1 
-1.14982484942985 -0.020070267402876 0.93 1
-1.11258027374395 -0.0194201609718642 0.923521695828623 1
-1.03808949112894 -0.0181514661305849 0.910574028921912 1
-0.938753996269614 -0.0165754755537278 0.893341838917906 1
-0.851836887511994 -0.0153096764483057 0.878297018390558 1
-0.77732615598271 -0.0143314312987208 0.86543091990818 1
-0.702802339371414 -0.0134891249826523 0.852602364937073 1
-0.628265092645844 -0.0128241853988435 0.839823410026686 1
-0.553716202589175 -0.0123780608170097 0.827106477608916 1
-0.479125985667031 -0.012329051200811 0.814498696501961 1
-0.404465647970953 -0.0128554573399359 0.802047345965683 1
-0.329923615835712 -0.0141854596488924 0.789850966018508 1
-0.255690201250957 -0.0165472196314909 0.778008409513575 1
-0.180963574677011 -0.0223866356623382 0.767099556030179 1
-0.104944090690233 -0.0341493093327947 0.757704567114505 1
-0.0346824153167345 -0.0599641967231983 0.753391001884002 1
0.0228328458050299 -0.107930570408577 0.757707261104358 1
0.0710654594622926 -0.167863715419225 0.76709021258189 1
0.11348643675746 -0.229648323984921 0.777995797846698 1
0.152648538748402 -0.292771010228352 0.789842891186885 1
0.191104579873009 -0.356718277105462 0.802050325369526 1
0.228919874777132 -0.421157731624632 0.814509870963483 1
0.266159479470438 -0.485756568318222 0.827113221583704 1
0.303018306483107 -0.550491699726933 0.83982071765783 1
0.339690449912432 -0.615338617853629 0.852592422384385 1
0.376223091711346 -0.680298761577526 0.865420790565012 1
0.412663148943971 -0.745373100670068 0.878298184542221 1
0.455067046275159 -0.821352965599057 0.893357786915961 1
0.503314797855226 -0.908069107891182 0.910570362008051 1
0.539471350424984 -0.973232078651991 0.923521540182511 1
0.557531063283287 -1.00581266321031 0.93 1
-1.14982484942985 -0.0200702674028761 0.905 1
-1.11426715277603 -0.0213599693001395 0.898463500794707 1
-1.04298535015067 -0.0239443231404349 0.885404580102271 1
-0.946812677323908 -0.0262272746428509 0.867253213618857 1
-0.861350834780945 -0.0265276721143941 0.850269430722218 1
-0.787310350104518 -0.0258533319871498 0.8351178597516 1
-0.712602382572097 -0.0244793504747349 0.819535251554679 1
-0.637348490504756 -0.0226448277307487 0.803689783233048 1
-0.561672373435066 -0.0205889029564635 0.787750076548441 1
-0.485681346714766 -0.0186870537723278 0.771914897565453 1
-0.409483628761685 -0.0173147769200875 0.756383199442464 1
-0.333399081274941 -0.0168958806836363 0.741402579763918 1
-0.257749493051018 -0.0178542043063511 0.727221025863516 1
-0.181906592495432 -0.0227374306844568 0.714547627868481 1
-0.105244315502659 -0.0340929721134287 0.704091806919508 1
-0.0346561369474129 -0.0599169553661267 0.699426310235675 1
0.023026997074246 -0.10817529067718 0.704103165243383 1
0.071228010622301 -0.168880179628468 0.714552677461759 1
0.113376856437716 -0.232113946222774 0.727225809290699 1
0.152029153126866 -0.297163960809466 0.741412588361564 1
0.189740573356634 -0.363317471479691 0.756402992244763 1
0.226680307761715 -0.430032785308956 0.7719404589018 1
0.263017288388888 -0.496767792724687 0.787768337399483 1
0.299048235966507 -0.563281275512545 0.80369557967976 1
0.335069069566566 -0.629330556703311 0.819530792976321 1
0.371236254794141 -0.694711964389707 0.835110589256647 1
0.407705995250027 -0.759221353171677 0.850271468141417 1
0.450738538293155 -0.833154479265447 0.867270177494428 1
0.500744663340585 -0.915208450085046 0.885402324848471 1
0.538634322349597 -0.975663867824912 0.898464015358592 1
0.557531063283287 -1.00581266321031 0.905 1
-1.14982484942985 -0.020070267402876 0.855 1
-1.11749621588053 -0.0249889669209756 0.84831804288831 1
-1.05235729380918 -0.0348029665571333 0.834981353789179 1
-0.962703200184603 -0.0451379756966733 0.815030393177459 1
-0.881109245987507 -0.0502289555030676 0.794361009223014 1
-0.809272878239699 -0.0523510851663332 0.77489234314005 1
-0.735805372929512 -0.0527002145137881 0.754124813861781 1
-0.660974302752454 -0.0517414069112658 0.732519194046432 1
-0.585049353651633 -0.0499397211418877 0.710536849174905 1
-0.508314036808661 -0.0478955921969694 0.688660172326355 1
-0.431052770291735 -0.0462094708388481 0.667371812345439 1
-0.35375048713124 -0.0455270275554473 0.647197834981655 1
-0.27689407948835 -0.0464939754570442 0.628664839347243 1
-0.200104592972286 -0.0516921741794112 0.612720689841074 1
-0.123005293078165 -0.0637032056284882 0.600313673068282 1
-0.0520772963791864 -0.090087838545005 0.595007230006701 1
0.00626035481539865 -0.138377968862326 0.600341238457892 1
0.0552501261200119 -0.199150711113985 0.612752721919281 1
0.0981424821906336 -0.263052305004542 0.628702245509129 1
0.137401205601206 -0.329140596858686 0.647241740637631 1
0.175490128020696 -0.39647329951768 0.667423072845107 1
0.212688634067502 -0.464259095602973 0.688712613349684 1
0.249275841941816 -0.531706256473485 0.710576622185655 1
0.285654560955859 -0.598306225540591 0.732540866731741 1
0.322226789863749 -0.663548984560577 0.754130643228897 1
0.359270018045862 -0.726989590410746 0.774890473541737 1
0.397061466845098 -0.78818263814774 0.794364729783692 1
0.442308789440812 -0.856363868391968 0.815049302854309 1
0.496025094572888 -0.928758460204289 0.834981735855705 1
0.537105395548346 -0.980276074749683 0.848319810607405 1
0.557531063283287 -1.00581266321031 0.855 1
-1.14982484942985 -0.020070267402876 0.78 1
-1.12207591974237 -0.0299753910622982 0.772899563197176 1
-1.06564963600827 -0.0497649197752711 0.758765445010947 1
-0.98612528112632 -0.0727874720171265 0.736382162114997 1
-0.912079159546577 -0.0880884863752631 0.711509588784178 1
-0.845853529406848 -0.0983969397928701 0.687314440293064 1
-0.777180738274901 -0.106412608887517 0.660996448080948 1
-0.706369029369613 -0.112630588766259 0.633319909893394 1
-0.633728631939258 -0.117545756811799 0.60504987382083 1
-0.559628982345274 -0.121787040637497 0.576958791913892 1
-0.484440387510514 -0.125983305759329 0.549819443075916 1
-0.408717023538682 -0.130804080576143 0.524440217276446 1
-0.333014980972687 -0.13691879297007 0.50163018287713 1
-0.257150918599966 -0.146651634536243 0.482559988640628 1
-0.18094367104462 -0.16232639994263 0.46840079477783 1
-0.110077131423281 -0.190541327626452 0.462566460418254 1
-0.0501763377703687 -0.237872193736597 0.468444942330991 1
0.0015503483225898 -0.296055493083076 0.482620066697589 1
0.0479065760998912 -0.356890922211098 0.501701588236944 1
0.0910404629477383 -0.419400192557669 0.524519328392088 1
0.133100156361115 -0.482604885222988 0.549903027780134 1
0.174352408275531 -0.54564741898091 0.57703850137091 1
0.215063678006117 -0.607669834460894 0.605111430489347 1
0.255618039126654 -0.668070645007009 0.6333578077576 1
0.29639866387229 -0.726247032067013 0.661013023783492 1
0.33768668000879 -0.781700272835545 0.687318489121042 1
0.379762916689988 -0.833931237476556 0.711515424803704 1
0.430078649838125 -0.89046004525625 0.736403398226783 1
0.489713003299076 -0.947754538754054 0.758768501420679 1
0.535076688369984 -0.98673594066663 0.772902609348419 1
0.557531063283287 -1.00581266321031 0.78 1
-1.14982484942985 -0.020070267402876 0.705 1
-1.12656192689338 -0.0347995277309018 0.697167701358663 1
-1.07867015478481 -0.0642560609885943 0.681640383636961 1
-1.00940047311306 -0.100182549190289 0.657242639781701 1
-0.943522116598125 -0.126767352656339 0.63024033045285 1
-0.88372547882805 -0.146679388727955 0.604055470481926 1
-0.820889151370673 -0.16416596072688 0.575671296601468 1
-0.755298722888384 -0.17964251323957 0.545943831792155 1
-0.687241610578076 -0.193524007545714 0.515729905636963 1
-0.617109844678154 -0.206358170840331 0.485880208492051 1
-0.545296274730946 -0.21869256448912 0.457245778710183 1
-0.472360990258586 -0.231110884615827 0.430705515326851 1
-0.398865917602071 -0.244196526654151 0.407139030664072 1
-0.324759999532408 -0.259906324769722 0.387727944233544 1
-0.249994288365507 -0.280196558478505 0.373654401843849 1
-0.179392009748994 -0.310593047655094 0.367970483136803 1
-0.11772165435929 -0.356607120860151 0.373703039497381 1
-0.0627063710958915 -0.4112454353327 0.387796623566592 1
-0.0120523786083113 -0.467570354567283 0.407221067773814 1
0.0360096064120733 -0.524676866845986 0.430795361047129 1
0.0832488742997533 -0.581659840356352 0.457338410234572 1
0.129856370972401 -0.637704849456565 0.485966766377187 1
0.176022718392152 -0.691997132369128 0.515796841578075 1
0.222050100603324 -0.743951657951656 0.545986080654871 1
0.268239682039623 -0.792982240540818 0.575691287483439 1
0.314813064884013 -0.838645780856797 0.604062022298235 1
0.361991514490564 -0.880498840616289 0.630247641605262 1
0.417995676252094 -0.924301323088311 0.657265275655729 1
0.48367333499597 -0.966278766851077 0.681644109114714 1
0.533141959190079 -0.993033031906374 0.69717108513507 1
0.557531063283287 -1.00581266321031 0.705 1
-1.14982484942985 -0.0200702674028761 0.63 1
-1.13099254931116 -0.0395277352222471 0.621239124569848 1
-1.09152999697401 -0.0784689021735266 0.603944632741616 1
-1.0325888380862 -0.12742723755605 0.577794726116181 1
-0.975244692724888 -0.165930533409478 0.549964220400547 1
-0.922360723018903 -0.196283903058997 0.523507563520429 1
-0.865976644117194 -0.224307948722312 0.495244346651071 1
-0.806317958260416 -0.250273630569224 0.465989367877717 1
-0.743611820832086 -0.274451128882284 0.43655822457986 1
-0.678235420403867 -0.297242130170841 0.407746882223524 1
-0.610566704767268 -0.319048036094882 0.380351644065047 1
-0.541134242293265 -0.340301871922961 0.355188958470098 1
-0.470468341086966 -0.361436128346919 0.333075952851838 1
-0.398612793605418 -0.383975443994001 0.315072258701505 1
-0.325613422411109 -0.409443722346794 0.302238001958006 1
-0.25539528351559 -0.442229409054888 0.297130282947596 1
-0.191833350615348 -0.486715351823608 0.302283539331836 1
-0.133203367148813 -0.537243854369579 0.315137333562003 1
-0.0777586903902738 -0.588204501939938 0.333153953593332 1
-0.0241462106490039 -0.638830233646426 0.355274178050722 1
0.0289871632871068 -0.688353882942779 0.380438710825796 1
0.0817192291500456 -0.736068858307098 0.407827470575018 1
0.134127426346959 -0.78126827934581 0.436620242500498 1
0.186394718777395 -0.823448228956075 0.466028514127359 1
0.238702916207929 -0.862103841035952 0.495263150829432 1
0.291176758607633 -0.896912308776821 0.523514474400428 1
0.343940606382175 -0.927550562218379 0.549972604743071 1
0.405999693452608 -0.957991928449879 0.577818180065286 1
0.477794697677009 -0.984524081086407 0.603947768544314 1
0.531262781014336 -0.99923390597913 0.621242255411937 1
0.557531063283287 -1.00581266321031 0.63 1
-1.14982484942985 -0.0200702674028759 0.555 1
-1.13540609897334 -0.044226371831795 0.545230500027809 1
-1.10434030941107 -0.0925959553064927 0.526016655399309 1
-1.05575043798715 -0.154625567454301 0.498221321057047 1
-1.0070534635096 -0.205243007697864 0.470092244798786 1
-0.961231258495003 -0.246295953873409 0.44406284922237 1
-0.911489248414831 -0.285186251564247 0.416810585457486 1
-0.857981310437361 -0.32202039099325 0.389054926285086 1
-0.800862793965289 -0.356903776360162 0.361516110606079 1
-0.740484506118983 -0.390072065994393 0.334881273271003 1
-0.677197950433716 -0.421760509643277 0.309837863957316 1
-0.611488634645033 -0.452231474746005 0.287085776043417 1
-0.543843703137838 -0.481746549886009 0.267325519584201 1
-0.474390258654802 -0.511378191323232 0.251440634126195 1
-0.403257350551711 -0.542197932658182 0.24031510281197 1
-0.333460304882336 -0.577436822249788 0.235956844635881 1
-0.267969182202524 -0.620329488217589 0.240354451209128 1
-0.205623974849557 -0.666574066700432 0.251497137719534 1
-0.145236667702296 -0.711907264195906 0.267393515169094 1
-0.0858818348787091 -0.755719906881777 0.287160118850836 1
-0.0266340952263284 -0.797402731007275 0.309913420171183 1
0.0324596898003967 -0.836376916809671 0.334950676170908 1
0.0913522651175762 -0.872063404538562 0.361569020305279 1
0.150095867040391 -0.904059322601809 0.389087936878868 1
0.208741438219393 -0.931961064606379 0.416826330322163 1
0.267305347115754 -0.955586050897936 0.444069246754732 1
0.325803538500171 -0.974751516934266 0.470101538771835 1
0.394030526209556 -0.991636087902679 0.498245356379592 1
0.471965699355628 -1.00268341805109 0.526018689315984 1
0.529400726848458 -1.00540512039511 0.545233137623597 1
0.557531063283287 -1.00581266321031 0.555 1
-1.14982484942985 -0.0200702674028758 0.48 1
-1.13980641093872 -0.0489020800766519 0.46915078957794 1
-1.11711221798085 -0.106656490986407 0.447882450809641 1
-1.07889128506304 -0.181787952403161 0.418536474148757 1
-1.03892906701732 -0.24467123966455 0.39057915827443 1
-1.00028423169595 -0.296623996114108 0.365597818286243 1
-0.957331471313132 -0.34663547060151 0.340146863103861 1
-0.91014409124508 -0.3946321872288 0.31480239667338 1
-0.858796683916431 -0.440539270530056 0.290141232916225 1
-0.803604727397383 -0.484410852958028 0.266693627815611 1
-0.744884331258423 -0.52630053099661 0.24499011788942 1
-0.683068995233622 -0.566284516962178 0.225565994527231 1
-0.618593747969376 -0.604437991978367 0.208957078441705 1
-0.551660055192963 -0.641365732756992 0.195822770582287 1
-0.482471242609962 -0.677671400392726 0.186822847767858 1
-0.413123942793612 -0.715413120676142 0.183367913898434 1
-0.345674466921822 -0.756661997328188 0.18685326429027 1
-0.279536092667853 -0.798487650479041 0.1958662921775 1
-0.214088340721555 -0.837989337343714 0.209009768324742 1
-0.14884239366236 -0.874731229118899 0.225623909725318 1
-0.0833095056290052 -0.908277423804714 0.245048883440693 1
-0.0176701225431638 -0.938192332438265 0.266747213300536 1
0.0478948800142485 -0.964040176209059 0.290181313312162 1
0.11329808825447 -0.985534583293757 0.31482657813658 1
0.178450651308395 -1.00238866799372 0.340157885695161 1
0.243251642171866 -1.01457553455744 0.365602927731534 1
0.307599664943425 -1.0220681824795 0.390589216629933 1
0.382082150935492 -1.02524423460679 0.418560880643329 1
0.466175189607135 -1.0207760908483 0.447882927974539 1
0.52755195012036 -1.01155333761299 0.46915272051987 1
0.557531063283287 -1.00581266321031 0.48 1
-1.14982484942985 -0.0200702674028758 0.405 1
-1.14419732026615 -0.0535615024739232 0.393008955065631 1
-1.1298568485682 -0.120669779812186 0.369568018172213 1
-1.10201739156104 -0.208924805920753 0.338754234935767 1
-1.07085214131308 -0.284181693452593 0.311379715454341 1
-1.03946678906135 -0.347176484724009 0.287988961410546 1
-1.00340781986165 -0.408490207182926 0.265030029673342 1
-0.962661612509434 -0.467858411993027 0.242893668701719 1
-0.917215644624258 -0.525014931942676 0.221971260710902 1
-0.867343709812948 -0.579821365708784 0.202594192038472 1
-0.813320166769526 -0.632138646017181 0.185094085363792 1
-0.755520151978764 -0.681845822448697 0.169799640401964 1
-0.694320219796273 -0.728820655330938 0.157039977004898 1
-0.629989843732303 -0.773189234294857 0.147208368144454 1
-0.562800268408513 -0.815076336530481 0.140698380187787 1
-0.493923066193803 -0.855356137770296 0.138281236432029 1
-0.424494522574242 -0.894925346441498 0.140717467736274 1
-0.354507619073432 -0.932236183859191 0.14723505307422 1
-0.283915739625227 -0.965761417391887 0.157072728883917 1
-0.212673014385276 -0.99524954292465 0.169836276952017 1
-0.140733672309377 -1.02044900058997 0.185131445804288 1
-0.0684180833472542 -1.04107841266686 0.202627912099583 1
0.00395291634722172 -1.05685626261898 0.221995259840894 1
0.0761459252817911 -1.06762365543682 0.242906667127677 1
0.147925958709317 -1.0732214079396 0.265034876681953 1
0.21906845553946 -1.07378928709261 0.287992105701221 1
0.289348339810811 -1.06946703656961 0.311390411255744 1
0.370148544042973 -1.0588268017223 0.338778828901181 1
0.46041201800684 -1.03882141258121 0.369566541064793 1
0.525712604257958 -1.0176852200914 0.393009992850573 1
0.557531063283287 -1.00581266321031 0.405 1
-1.14982484942985 -0.0200702674028759 0.355 1
-1.14712038154566 -0.0566604893571007 0.342216127803877 1
-1.13834105067597 -0.129990809673202 0.317266709349457 1
-1.11742819333127 -0.227004605626057 0.285516529262549 1
-1.09215545383699 -0.310558824564905 0.258739646259731 1
-1.06564653697758 -0.380978677238249 0.236685283259233 1
-1.03423025452031 -0.44990833661359 0.21573908651519 1
-0.997832187786157 -0.516951108416952 0.196146874373856 1
-0.956378890076407 -0.581708365103617 0.178155037912544 1
-0.910113518655293 -0.643908418870026 0.161941021818037 1
-0.859279750927645 -0.703278828144171 0.147682472620249 1
-0.804210967919098 -0.759562270181571 0.135549000920118 1
-0.745241893018341 -0.812499958380552 0.125710553557549 1
-0.682684491652017 -0.861893927185711 0.118361623676744 1
-0.616852440113801 -0.907544765653186 0.113696935331951 1
-0.548297752203128 -0.949532410071871 0.112040058180636 1
-0.47754055167445 -0.987965769409704 0.113707250759549 1
-0.404963164249386 -1.02222377868986 0.118375123185463 1
-0.330904383525332 -1.05169978763896 0.125727656851814 1
-0.255616477442072 -1.07627009325298 0.135568983845322 1
-0.179351831084246 -1.09581094872359 0.147703215487637 1
-0.102526936686738 -1.11014870215579 0.161959438927606 1
-0.0255587772825762 -1.11910959726036 0.178166661833918 1
0.0512190817790065 -1.12262464038017 0.196151219943292 1
0.127471393208487 -1.12062470229649 0.215739077129453 1
0.202888334012641 -1.1133655760546 0.236686773003574 1
0.277159535334468 -1.10110308631153 0.25875070244888 1
0.362199421130141 -1.0812037222557 0.285541154754576 1
0.456582148839737 -1.05083041770276 0.317263727163973 1
0.524490597932152 -1.02176582512915 0.34221647527145 1
0.557531063283287 -1.00581266321031 0.355 1
-1.14982484942985 -0.020070267402876 0.33 1
-1.14858137348902 -0.0582090497491186 0.316814266056632 1
-1.14258158891836 -0.134648617734648 0.291100249413804 1
-1.12513274969848 -0.236043042730708 0.258889135377778 1
-1.10280982979763 -0.323752100777644 0.232447117387773 1
-1.07874383507794 -0.397892632487655 0.211108528389747 1
-1.04965488538776 -0.470640634259758 0.191229273013361 1
-1.01543779923199 -0.541532658498022 0.172979022429872 1
-0.975988303499833 -0.610103216586563 0.156527988268539 1
-0.931533873169588 -0.676013346816495 0.141972961910274 1
-0.882302480800998 -0.738923289653096 0.129410918461538 1
-0.82860626558496 -0.798506905540547 0.11892824158154 1
-0.770758671132217 -0.854436503435939 0.110611607304854 1
-0.709092544725088 -0.906351459546594 0.104552436503966 1
-0.643942414262855 -0.953889637996105 0.100842348425465 1
-0.575550149497571 -0.996733223564097 0.0995773968728716 1
-0.504127433734999 -1.03459660267302 0.100848067573345 1
-0.4302516325256 -1.06732270412688 0.104559005258008 1
-0.354454606810144 -1.09476579671991 0.110620480066064 1
-0.277138056601352 -1.11686670705128 0.118939472271025 1
-0.198703808252708 -1.13356622393082 0.129422947867441 1
-0.119616778348104 -1.14474518746852 0.141983372544376 1
-0.040342386596082 -1.15028435064186 0.156533139397056 1
0.0387353566315747 -1.15016029936732 0.172978835139644 1
0.117230709522031 -1.14434956057831 0.191226707979057 1
0.194790854978044 -1.1331665693589 0.211109131483884 1
0.271062414498307 -1.1169258199326 0.232458342638794 1
0.358225705784557 -1.09239071701537 0.258913760523002 1
0.454668780514699 -1.05683220742406 0.291096479827785 1
0.523880135082865 -1.02380519179734 0.316814252009689 1
0.557531063283287 -1.00581266321031 0.33 1
