3
3 3
5 7
0 0 0 0 0.5 1 1 1 1 
0 0 0 0 0.25 0.5 0.75 1 1 1 1 
0.557531063283287 -1.00581266321031 0.93 1
0.563325066611007 -1.00246749382936 0.93 1
0.574912346746208 -0.995777574524126 0.93 1
0.586499704850126 -0.989087610203633 0.93 1
0.592293786146562 -0.985742395807429 0.93 1
0.557531063283287 -1.0058126632103 0.8525 1
0.563329871382758 -1.00247595575972 0.852499999999999 1
0.574922090307964 -0.995794420858164 0.8525 1
0.586504643640131 -0.989095994607313 0.8525 1
0.592293786146562 -0.985742395807429 0.8525 1
0.557531063283287 -1.0058126632103 0.6975 1
0.56333948092626 -1.00249287962044 0.697499999999999 1
0.574941577431476 -0.995828113526241 0.6975 1
0.586514521220141 -0.989112763414672 0.6975 1
0.592293786146562 -0.985742395807429 0.6975 1
0.557531063283287 -1.0058126632103 0.465 1
0.563353895241514 -1.00251826541151 0.465 1
0.574970808116744 -0.995878652528357 0.465 1
0.586529337590155 -0.989137916625712 0.465 1
0.592293786146562 -0.985742395807429 0.465 1
0.557531063283287 -1.00581266321031 0.2325 1
0.563368309556767 -1.00254365120259 0.2325 1
0.575000038802012 -0.995929191530473 0.2325 1
0.586544153960169 -0.989163069836753 0.2325 1
0.592293786146562 -0.985742395807429 0.2325 1
0.557531063283287 -1.00581266321031 0.0775000000000002 1
0.56337791910027 -1.0025605750633 0.0775000000000002 1
0.575019525925524 -0.99596288419855 0.0775000000000002 1
0.586554031540179 -0.989179838644113 0.0775000000000002 1
0.592293786146562 -0.985742395807429 0.0775000000000002 1
0.557531063283287 -1.00581266321031 0 1
0.563382723872021 -1.00256903699366 0 1
0.575029269487281 -0.995979730532588 0 1
0.586558970330185 -0.989188223047793 0 1
0.592293786146562 -0.985742395807429 0 1
