3
3 3
15 6
0 0 0 0 0.083334 0.166666663749035 0.25 0.33333332749807 0.416667 0.499999991247106 0.583334 0.666666660831404 0.75 0.833333330415702 0.916667 1 1 1 1 
0 0 0 0 0.333333333333333 0.666666666666667 1 1 1 1 
-1.14982484942985 -0.0200702674028758 0.33 1
-1.14775998043053 -0.0834020832852171 0.308104270167997 1
-1.13414655149809 -0.211000554956096 0.265931422078506 1
-1.08331154552019 -0.399178377772719 0.209793622552819 1
-1.00009814390709 -0.578108532847131 0.163044079881722 1
-0.886338879911944 -0.741877609958414 0.127566553150634 1
-0.743867493159799 -0.884570084032769 0.105245311605937 1
-0.578009366626126 -1.00112840670234 0.0973755317223894 1
-0.394091501345922 -1.08649367380058 0.105252540582179 1
-0.199230822677574 -1.13854790907343 0.127578161791043 1
-0.000545867733843131 -1.15517254005974 0.16305411008615 1
0.195976828155164 -1.13775766566958 0.209800046375774 1
0.384348295649389 -1.08769339775577 0.265935121458754 1
0.501655782925515 -1.03568814162678 0.308105882806635 1
0.557531063283287 -1.00581266321031 0.33 1
-1.14982484942985 -0.0200702674028761 0.293333333333333 1
-1.14786245893655 -0.0836382547032561 0.273870462371553 1
-1.13424025671184 -0.211643702377377 0.236383486292005 1
-1.08309165587447 -0.400153429379304 0.186483220046951 1
-0.999604965524777 -0.579054459385979 0.144928071005976 1
-0.885740618151154 -0.74256000568436 0.113392491689453 1
-0.743460255660139 -0.884881169226971 0.093551388094166 1
-0.577992328140754 -1.00109987693385 0.0865560281976794 1
-0.394566901641932 -1.08629670227667 0.0935578138508255 1
-0.200126095958256 -1.13837004857732 0.113402810480927 1
-0.00161364310269185 -1.15521772320536 0.144936986743244 1
0.195024382630975 -1.1380547196764 0.186488930111799 1
0.383839473523147 -1.08809604053993 0.236386774630003 1
0.501502666950352 -1.03589487022421 0.27387189582812 1
0.557531063283287 -1.00581266321031 0.293333333333333 1
-1.14982484942985 -0.020070267402876 0.22 1
-1.14806741594858 -0.0841105975393339 0.205402846778665 1
-1.13442766713935 -0.212929997219938 0.177287614719004 1
-1.08265187658305 -0.402103532592475 0.139862415035213 1
-0.998618608760151 -0.580946312463675 0.108696053254482 1
-0.884544094629575 -0.743924797136252 0.0850443687670895 1
-0.74264578066082 -0.885503339615374 0.0701635410706245 1
-0.577958251170009 -1.00104281739687 0.0649170211482596 1
-0.395517702233953 -1.08590275922887 0.0701683603881191 1
-0.201916642519618 -1.1380143275851 0.0850521078606952 1
-0.00374919384038858 -1.15530808949659 0.108702740057433 1
0.193119491582597 -1.13864882769004 0.139866697583849 1
0.382821829270663 -1.08890132610826 0.177290080972503 1
0.501196435000026 -1.03630832741908 0.20540392187109 1
0.557531063283287 -1.00581266321031 0.22 1
-1.14982484942985 -0.0200702674028757 0.11 1
-1.14837485146663 -0.0848191117934503 0.102701423389332 1
-1.13470878278062 -0.21485943948378 0.088643807359502 1
-1.08199220764591 -0.405028687412232 0.0699312075176065 1
-0.997139073613211 -0.583784092080219 0.0543480266272408 1
-0.882749309347207 -0.745971984314089 0.0425221843835447 1
-0.741424068161842 -0.886436595197978 0.0350817705353123 1
-0.577907135713892 -1.0009572280914 0.0324585105741298 1
-0.396943903121984 -1.08531184465716 0.0350841801940596 1
-0.204602462361663 -1.13748074609677 0.0425260539303476 1
-0.00695251994693397 -1.15544363893344 0.0543513700287166 1
0.190262155010029 -1.13953998971049 0.0699333487919246 1
0.381295362891938 -1.09010925446075 0.0886450404862513 1
0.500737087074537 -1.03692851321138 0.102701960935545 1
0.557531063283287 -1.00581266321031 0.11 1
-1.14982484942985 -0.0200702674028758 0.0366666666666667 1
-1.14857980847866 -0.0852914546295283 0.0342338077964441 1
-1.13489619320812 -0.216145734326342 0.0295479357865007 1
-1.08155242835449 -0.406978790625403 0.0233104025058688 1
-0.996152716848584 -0.585675945157916 0.0181160088757469 1
-0.881552785825627 -0.747336775765981 0.0141740614611816 1
-0.740609593162523 -0.887058765586382 0.0116939235117708 1
-0.577873058743148 -1.00090016855442 0.0108195035247099 1
-0.397894703714005 -1.08491790160936 0.0116947267313532 1
-0.206393008923026 -1.13712502510455 0.0141753513101159 1
-0.0090880706846313 -1.15553400522468 0.0181171233429055 1
0.18835726396165 -1.14013409772413 0.0233111162639749 1
0.380277718639453 -1.09091454002908 0.0295483468287504 1
0.500430855124211 -1.03734197040624 0.0342339869785149 1
0.557531063283287 -1.00581266321031 0.0366666666666667 1
-1.14982484942985 -0.0200702674028759 0 1
-1.14868228698468 -0.0855276260475671 0 1
-1.13498989842188 -0.216788881747622 0 1
-1.08133253870877 -0.407953842231988 0 1
-0.995659538466271 -0.586621871696764 0 1
-0.880954524064837 -0.748019171491926 0 1
-0.740202355662864 -0.887369850780583 0 1
-0.577856020257775 -1.00087163878592 0 1
-0.398370104010015 -1.08472093008545 0 1
-0.207288282203707 -1.13694716460844 0 1
-0.0101558460534798 -1.1555791883703 0 1
0.187404818437461 -1.14043115173095 0 1
0.379768896513211 -1.09131718281325 0 1
0.500277739149048 -1.03754869900367 0 1
0.557531063283287 -1.00581266321031 0 1
