3
3 3
15 6
0 0 0 0 0.083334 0.166666663749035 0.25 0.33333332749807 0.416667 0.499999991247106 0.583334 0.666666660831404 0.75 0.833333330415702 0.916667 1 1 1 1 
0 0 0 0 0.333333333333333 0.666666666666667 1 1 1 1 
0.557531063283287 1.0058126632103 0.33 1
0.501651667361723 1.03569034214258 0.308104270167997 1
0.384341434944451 1.08770000268991 0.265931422078506 1
0.195957156967458 1.13776450751982 0.209793622552819 1
-0.000607603636620158 1.15516466532477 0.163044079881722 1
-0.199315416766898 1.1385307913448 0.127566553150634 1
-0.394126417620214 1.08649318814222 0.105245311605937 1
-0.577997949341404 1.00113499847475 0.0973755317223893 1
-0.743885371889421 0.884540088481405 0.105252540582179 1
-0.886396001344456 0.741812908192366 0.127578161791043 1
-1.00013583157901 0.578059005354484 0.16305411008615 1
-1.08331545589792 0.399157921099321 0.209800046375774 1
-1.1341442618098 0.21099131094426 0.265935121458754 1
-1.14776013250984 0.0833974188445221 0.308105882806634 1
-1.14982484942985 0.0200702674028762 0.33 1
0.557531063283285 1.00581266321031 0.293333333333333 1
0.501498376167058 1.03589717684115 0.273870462371553 1
0.383831305546118 1.08810272749613 0.236383486292005 1
0.195002792683295 1.1380616033039 0.186483220046951 1
-0.00167338924053601 1.15521052358651 0.144928071005975 1
-0.200205519681398 1.13835387932481 0.113392491689453 1
-0.394599444050966 1.08629605271924 0.093551388094166 1
-0.577981761079815 1.00110597782933 0.0865560281976794 1
-0.743477089397895 0.884853311452765 0.0935578138508254 1
-0.885794332996155 0.742499307348709 0.113402810480927 1
-0.999641073646512 0.57900631752225 0.144936986743244 1
-1.08309648945203 0.400131290122398 0.186488930111799 1
-1.13423854962642 0.211633285223676 0.236386774630003 1
-1.14786260673933 0.0836333854674546 0.27387189582812 1
-1.14982484942985 0.0200702674028762 0.293333333333333 1
0.557531063283279 1.00581266321031 0.22 1
0.50119179377773 1.0363108462383 0.205402846778665 1
0.382811046749451 1.08890817710857 0.177287614719004 1
0.193094064114968 1.13865579487205 0.139862415035213 1
-0.00380496044836776 1.15530224011 0.108696053254482 1
-0.201985725510399 1.13800005528484 0.0850443687670895 1
-0.395545496912469 1.08590178187328 0.0701635410706245 1
-0.577949384556635 1.00104793653849 0.0649170211482596 1
-0.742660524414843 0.885479757395484 0.0701683603881191 1
-0.884590996299552 0.743872105661397 0.0850521078606951 1
-0.998651557781519 0.580900941857782 0.108702740057433 1
-1.08265855656024 0.402078028168553 0.139866697583849 1
-1.13442712525965 0.212917233782506 0.177290080972502 1
-1.1480675551983 0.0841053187133198 0.20540392187109 1
-1.14982484942985 0.020070267402876 0.22 1
0.557531063283271 1.00581266321031 0.11 1
0.500731920193737 1.03693135033402 0.102701423389332 1
0.381280658554451 1.09011635152723 0.088643807359502 1
0.190230971262479 1.13954708222429 0.0699312075176065 1
-0.00700231726011513 1.15543981489523 0.0543480266272408 1
-0.204656034253899 1.13746931922489 0.0425221843835448 1
-0.396964576204723 1.08531037560435 0.0350817705353123 1
-0.577900819771866 1.00096087460222 0.0324585105741298 1
-0.741435676940264 0.886419426309562 0.0350841801940595 1
-0.882785991254648 0.745931303130428 0.0425260539303475 1
-0.99716728398403 0.583742878361081 0.0543513700287166 1
-1.08200165722256 0.404998135237786 0.0699333487919246 1
-1.1347099887095 0.214843156620752 0.0886450404862512 1
-1.14837497788675 0.0848132185821182 0.102701960935545 1
-1.14982484942985 0.0200702674028765 0.11 1
0.557531063283266 1.00581266321032 0.0366666666666667 1
0.500425337804408 1.03734501973116 0.0342338077964441 1
0.380260399757784 1.09092180113967 0.0295479357865007 1
0.188322242694153 1.14014127379244 0.0233104025058688 1
-0.00913388846794638 1.15553153141872 0.0181160088757469 1
-0.206436240082899 1.13711549518492 0.0141740614611816 1
-0.397910629066225 1.08491610475839 0.0116939235117708 1
-0.577868443248687 1.00090283331138 0.0108195035247099 1
-0.740619111957212 0.887045872252281 0.0116947267313532 1
-0.881582654558046 0.747304101443116 0.0141753513101159 1
-0.996177768119038 0.585637502696614 0.0181171233429055 1
-1.08156372433077 0.406944873283941 0.0233111162639749 1
-1.13489856434273 0.216127105179582 0.0295483468287504 1
-1.14857992634572 0.0852851518279832 0.0342339869785149 1
-1.14982484942985 0.0200702674028762 0.0366666666666667 1
0.557531063283263 1.00581266321032 0 1
0.500272046609744 1.03755185442973 0 1
0.379750270359451 1.09132452594589 0 1
0.18736787840999 1.14043836957652 0 1
-0.0101996740718621 1.15557738968046 0 1
-0.207326342997399 1.13693858316494 0 1
-0.398383655496976 1.08471896933541 0 1
-0.577852254987097 1.00087381266596 0 1
-0.740210829465686 0.887359095223641 0 1
-0.880980986209745 0.74799050059946 0 1
-0.995683010186541 0.58658481486438 0 1
-1.08134475788488 0.407918242307018 0 1
-1.13499285215934 0.216769079458998 0 1
-1.1486824005752 0.0855211184509158 0 1
-1.14982484942985 0.0200702674028762 0 1
