3
3 3
41 6
0 0 0 0 0.03125 0.0625 0.09375 0.125 0.15625 0.1875 0.21875 0.25 0.25 0.25 0.28125 0.3125 0.34375 0.375 0.40625 0.4375 0.46875 0.5 0.5 0.5 0.53125 0.5625 0.59375 0.625 0.65625 0.6875 0.71875 0.75 0.75 0.75 0.78125 0.8125 0.84375 0.875 0.90625 0.9375 0.96875 1 1 1 1 
0 0 0 0 0.15 0.5 1 1 1 1 
0.575 0.995929214352104 0 1
0.514846085440865 1.03065909311563 0 0.975592231765546
0.384461283398281 1.09110919483506 0 0.93287863735525
0.167586242614536 1.14539075784853 0 0.887114071915648
-0.0649922206801147 1.15625139611864 0 0.859655332651887
-0.299777338049661 1.11878425655909 0 0.850502419563967
-0.521840783901976 1.03383919254002 0 0.859655332651887
-0.717829322353233 0.908144372249466 0 0.887114071915649
-0.878507835612007 0.752697639330802 0 0.93287863735525
-0.961199335588578 0.635153914559135 0 0.975592231765546
-0.995929214352104 0.575 0 1
-1.03065909311563 0.514846085440865 0 0.975592231765546
-1.09110919483506 0.384461283398281 0 0.93287863735525
-1.14539075784853 0.167586242614536 0 0.887114071915648
-1.15625139611864 -0.0649922206801147 0 0.859655332651887
-1.11878425655909 -0.299777338049661 0 0.850502419563967
-1.03383919254002 -0.521840783901976 0 0.859655332651887
-0.908144372249466 -0.717829322353233 0 0.887114071915649
-0.752697639330803 -0.878507835612007 0 0.93287863735525
-0.635153914559135 -0.961199335588578 0 0.975592231765546
-0.575 -0.995929214352104 0 1
-0.514846085440865 -1.03065909311563 0 0.975592231765546
-0.384461283398281 -1.09110919483506 0 0.93287863735525
-0.167586242614536 -1.14539075784853 0 0.887114071915648
0.0649922206801146 -1.15625139611864 0 0.859655332651887
0.299777338049661 -1.11878425655909 0 0.850502419563967
0.521840783901976 -1.03383919254002 0 0.859655332651887
0.717829322353233 -0.908144372249467 0 0.887114071915649
0.878507835612007 -0.752697639330803 0 0.93287863735525
0.961199335588578 -0.635153914559135 0 0.975592231765546
0.995929214352104 -0.575 0 1
1.03065909311563 -0.514846085440865 0 0.975592231765546
1.09110919483506 -0.384461283398281 0 0.93287863735525
1.14539075784853 -0.167586242614536 0 0.887114071915648
1.15625139611864 0.0649922206801146 0 0.859655332651887
1.11878425655909 0.299777338049661 0 0.850502419563967
1.03383919254002 0.521840783901976 0 0.859655332651887
0.908144372249467 0.717829322353233 0 0.887114071915649
0.752697639330802 0.878507835612007 0 0.93287863735525
0.635153914559135 0.961199335588578 0 0.975592231765546
0.575 0.995929214352104 0 1
0.58025 1.00502248109184 0 1
0.519546854047064 1.04006945874843 0 0.975592231765546
0.387971582072787 1.1010714961792 0 0.93287863735525
0.16911637787319 1.15584867346367 0 0.887114071915648
-0.0655856279124113 1.1668084740832 0 0.859655332651887
-0.302514435484028 1.12899924324941 0 0.850502419563967
-0.526605417146299 1.04327859386322 0 0.859655332651887
-0.724383416166024 0.916436125213483 0 0.887114071915649
-0.886528994111073 0.759570096037736 0 0.93287863735525
-0.969975503435256 0.640953145952936 0 0.975592231765546
-1.00502248109184 0.58025 0 1
-1.04006945874843 0.519546854047064 0 0.975592231765546
-1.1010714961792 0.387971582072787 0 0.93287863735525
-1.15584867346367 0.16911637787319 0 0.887114071915648
-1.1668084740832 -0.0655856279124113 0 0.859655332651887
-1.12899924324941 -0.302514435484028 0 0.850502419563967
-1.04327859386322 -0.526605417146299 0 0.859655332651887
-0.916436125213483 -0.724383416166024 0 0.887114071915649
-0.759570096037736 -0.886528994111073 0 0.93287863735525
-0.640953145952936 -0.969975503435256 0 0.975592231765546
-0.58025 -1.00502248109184 0 1
-0.519546854047065 -1.04006945874843 0 0.975592231765546
-0.387971582072787 -1.1010714961792 0 0.93287863735525
-0.169116377873191 -1.15584867346367 0 0.887114071915648
0.0655856279124113 -1.1668084740832 0 0.859655332651887
0.302514435484028 -1.12899924324941 0 0.850502419563967
0.526605417146298 -1.04327859386322 0 0.859655332651887
0.724383416166024 -0.916436125213483 0 0.887114071915649
0.886528994111073 -0.759570096037736 0 0.93287863735525
0.969975503435256 -0.640953145952936 0 0.975592231765546
1.00502248109184 -0.58025 0 1
1.04006945874843 -0.519546854047065 0 0.975592231765546
1.1010714961792 -0.387971582072787 0 0.93287863735525
1.15584867346367 -0.169116377873191 0 0.887114071915648
1.1668084740832 0.0655856279124112 0 0.859655332651887
1.12899924324941 0.302514435484028 0 0.850502419563967
1.04327859386322 0.526605417146298 0 0.859655332651887
0.916436125213483 0.724383416166024 0 0.887114071915649
0.759570096037736 0.886528994111073 0 0.93287863735525
0.640953145952936 0.969975503435256 0 0.975592231765546
0.58025 1.00502248109184 0 1
0.59775 1.0353333702243 0 1
0.535216082734395 1.07143734419107 0 0.975592231765546
0.399672577654474 1.13427916732636 0 0.93287863735525
0.174216828735372 1.19070839218079 0 0.887114071915648
-0.067563652020067 1.20199873396507 0 0.859655332651887
-0.311638093598583 1.16304919888382 0 0.850502419563967
-0.542487527960707 1.07474326494052 0 0.859655332651887
-0.746230395541992 0.944075301760206 0 0.887114071915648
-0.91326618910796 0.782478285060847 0 0.93287863735525
-0.999229396257518 0.660283917265605 0 0.975592231765546
-1.0353333702243 0.59775 0 1
-1.07143734419107 0.535216082734395 0 0.975592231765546
-1.13427916732636 0.399672577654474 0 0.93287863735525
-1.19070839218079 0.174216828735372 0 0.887114071915648
-1.20199873396507 -0.067563652020067 0 0.859655332651887
-1.16304919888382 -0.311638093598583 0 0.850502419563967
-1.07474326494052 -0.542487527960707 0 0.859655332651887
-0.944075301760206 -0.746230395541992 0 0.887114071915648
-0.782478285060847 -0.91326618910796 0 0.93287863735525
-0.660283917265605 -0.999229396257518 0 0.975592231765546
-0.59775 -1.0353333702243 0 1
-0.535216082734395 -1.07143734419108 0 0.975592231765546
-0.399672577654474 -1.13427916732636 0 0.93287863735525
-0.174216828735372 -1.19070839218079 0 0.887114071915648
0.067563652020067 -1.20199873396507 0 0.859655332651887
0.311638093598583 -1.16304919888382 0 0.850502419563967
0.542487527960707 -1.07474326494052 0 0.859655332651887
0.746230395541992 -0.944075301760206 0 0.887114071915648
0.91326618910796 -0.782478285060847 0 0.93287863735525
0.999229396257518 -0.660283917265605 0 0.975592231765546
1.0353333702243 -0.59775 0 1
1.07143734419108 -0.535216082734395 0 0.975592231765546
1.13427916732636 -0.399672577654474 0 0.93287863735525
1.19070839218079 -0.174216828735372 0 0.887114071915648
1.20199873396507 0.0675636520200668 0 0.859655332651887
1.16304919888382 0.311638093598582 0 0.850502419563967
1.07474326494052 0.542487527960706 0 0.859655332651887
0.944075301760206 0.746230395541992 0 0.887114071915648
0.782478285060847 0.91326618910796 0 0.93287863735525
0.660283917265605 0.999229396257518 0 0.975592231765546
0.59775 1.0353333702243 0 1
0.63275 1.09595514848921 0 1
0.566554540109056 1.13417311507637 0 0.975592231765546
0.423074568817847 1.20069450962066 0 0.93287863735525
0.184417730459735 1.26042782961505 0 0.887114071915648
-0.0715197002353785 1.27237925372882 0 0.859655332651887
-0.329885409827693 1.23114911015263 0 0.850502419563967
-0.574251749589523 1.13767260709513 0 0.859655332651887
-0.789924354293928 0.999353654853652 0 0.887114071915648
-0.966740579101735 0.82829466310707 0 0.93287863735525
-1.05773718190204 0.698945459890944 0 0.975592231765546
-1.09595514848921 0.63275 0 1
-1.13417311507637 0.566554540109057 0 0.975592231765546
-1.20069450962066 0.423074568817847 0 0.93287863735525
-1.26042782961505 0.184417730459735 0 0.887114071915648
-1.27237925372882 -0.0715197002353784 0 0.859655332651887
-1.23114911015263 -0.329885409827693 0 0.850502419563967
-1.13767260709513 -0.574251749589523 0 0.859655332651887
-0.999353654853652 -0.789924354293928 0 0.887114071915648
-0.82829466310707 -0.966740579101734 0 0.93287863735525
-0.698945459890944 -1.05773718190204 0 0.975592231765546
-0.63275 -1.09595514848921 0 1
-0.566554540109057 -1.13417311507637 0 0.975592231765546
-0.423074568817847 -1.20069450962066 0 0.93287863735525
-0.184417730459735 -1.26042782961505 0 0.887114071915648
0.0715197002353783 -1.27237925372882 0 0.859655332651887
0.329885409827692 -1.23114911015263 0 0.850502419563967
0.574251749589523 -1.13767260709513 0 0.859655332651887
0.789924354293928 -0.999353654853652 0 0.887114071915648
0.966740579101734 -0.82829466310707 0 0.93287863735525
1.05773718190204 -0.698945459890944 0 0.975592231765546
1.09595514848921 -0.63275 0 1
1.13417311507637 -0.566554540109057 0 0.975592231765546
1.20069450962066 -0.423074568817847 0 0.93287863735525
1.26042782961505 -0.184417730459735 0 0.887114071915648
1.27237925372882 0.0715197002353783 0 0.859655332651887
1.23114911015263 0.329885409827692 0 0.850502419563967
1.13767260709513 0.574251749589523 0 0.859655332651887
0.999353654853652 0.789924354293927 0 0.887114071915648
0.82829466310707 0.966740579101735 0 0.93287863735525
0.698945459890944 1.05773718190204 0 0.975592231765546
0.63275 1.09595514848921 0 1
0.6625 1.14748366001438 0 1
0.593192228877519 1.18749852032888 0 0.975592231765546
0.442966261306715 1.25714755057082 0 0.93287863735525
0.193088496925444 1.31968935143417 0 0.887114071915648
-0.0748823412183932 1.332202695528 0 0.859655332651887
-0.345395628622436 1.28903403473112 0 0.850502419563967
-0.601251337974016 1.19116254792655 0 0.859655332651887
-0.827064219233073 1.04634025498308 0 0.887114071915649
-1.01219381059644 0.867238584446359 0 0.93287863735525
-1.10746879969988 0.731807771122482 0 0.975592231765546
-1.14748366001438 0.6625 0 1
-1.18749852032888 0.593192228877519 0 0.975592231765546
-1.25714755057082 0.442966261306715 0 0.93287863735525
-1.31968935143417 0.193088496925444 0 0.887114071915648
-1.332202695528 -0.0748823412183931 0 0.859655332651887
-1.28903403473112 -0.345395628622436 0 0.850502419563967
-1.19116254792655 -0.601251337974016 0 0.859655332651887
-1.04634025498308 -0.827064219233073 0 0.887114071915649
-0.867238584446359 -1.01219381059644 0 0.93287863735525
-0.731807771122482 -1.10746879969988 0 0.975592231765546
-0.6625 -1.14748366001438 0 1
-0.593192228877519 -1.18749852032888 0 0.975592231765546
-0.442966261306715 -1.25714755057082 0 0.93287863735525
-0.193088496925444 -1.31968935143417 0 0.887114071915648
0.074882341218393 -1.332202695528 0 0.859655332651887
0.345395628622436 -1.28903403473112 0 0.850502419563967
0.601251337974016 -1.19116254792655 0 0.859655332651887
0.827064219233073 -1.04634025498308 0 0.887114071915649
1.01219381059644 -0.86723858444636 0 0.93287863735525
1.10746879969988 -0.731807771122482 0 0.975592231765546
1.14748366001438 -0.6625 0 1
1.18749852032888 -0.593192228877519 0 0.975592231765546
1.25714755057082 -0.442966261306715 0 0.93287863735525
1.31968935143417 -0.193088496925444 0 0.887114071915648
1.332202695528 0.0748823412183929 0 0.859655332651887
1.28903403473112 0.345395628622436 0 0.850502419563967
1.19116254792655 0.601251337974016 0 0.859655332651887
1.04634025498308 0.827064219233073 0 0.887114071915649
0.867238584446359 1.01219381059644 0 0.93287863735525
0.731807771122482 1.10746879969988 0 0.975592231765546
0.6625 1.14748366001438 0 1
0.68 1.17779454914684 0 1
0.608861457564849 1.21886640577153 0 0.975592231765546
0.454667256888402 1.29035522171798 0 0.93287863735525
0.198188947787625 1.3545490701513 0 0.887114071915648
-0.0768603653260487 1.36739295540987 0 0.859655332651887
-0.354519286736991 1.32308399036553 0 0.850502419563967
-0.617133448788424 1.22262721900385 0 0.859655332651887
-0.848911198609041 1.0739794315298 0 0.887114071915649
-1.03893100559333 0.890146773469471 0 0.93287863735525
-1.13672269252214 0.751138542435151 0 0.975592231765546
-1.17779454914684 0.68 0 1
-1.21886640577153 0.60886145756485 0 0.975592231765546
-1.29035522171798 0.454667256888402 0 0.93287863735525
-1.3545490701513 0.198188947787625 0 0.887114071915648
-1.36739295540987 -0.0768603653260487 0 0.859655332651887
-1.32308399036553 -0.354519286736991 0 0.850502419563967
-1.22262721900385 -0.617133448788424 0 0.859655332651887
-1.0739794315298 -0.848911198609041 0 0.887114071915649
-0.890146773469471 -1.03893100559333 0 0.93287863735525
-0.751138542435151 -1.13672269252214 0 0.975592231765546
-0.68 -1.17779454914684 0 1
-0.60886145756485 -1.21886640577153 0 0.975592231765546
-0.454667256888402 -1.29035522171798 0 0.93287863735525
-0.198188947787625 -1.3545490701513 0 0.887114071915648
0.0768603653260487 -1.36739295540987 0 0.859655332651887
0.354519286736991 -1.32308399036553 0 0.850502419563967
0.617133448788424 -1.22262721900385 0 0.859655332651887
0.848911198609041 -1.0739794315298 0 0.887114071915649
1.03893100559333 -0.890146773469471 0 0.93287863735525
1.13672269252214 -0.751138542435151 0 0.975592231765546
1.17779454914684 -0.68 0 1
1.21886640577153 -0.60886145756485 0 0.975592231765546
1.29035522171798 -0.454667256888402 0 0.93287863735525
1.3545490701513 -0.198188947787625 0 0.887114071915648
1.36739295540987 0.0768603653260485 0 0.859655332651887
1.32308399036553 0.354519286736991 0 0.850502419563967
1.22262721900385 0.617133448788424 0 0.859655332651887
1.0739794315298 0.848911198609041 0 0.887114071915649
0.890146773469471 1.03893100559333 0 0.93287863735525
0.751138542435151 1.13672269252214 0 0.975592231765546
0.68 1.17779454914684 0 1
