3
3 3
15 6
0 0 0 0 0.083334 0.166666663749035 0.25 0.33333332749807 0.416667 0.499999991247106 0.583334 0.666666660831404 0.75 0.833333330415702 0.916667 1 1 1 1 
0 0 0 0 0.333333333333333 0.666666666666667 1 1 1 1 
0.592293786146562 -0.985742395807429 0.33 1
0.64610831306881 -0.952288258857363 0.308104270167997 1
0.749805116553638 -0.876699447733813 0.265931422078506 1
0.887354388552729 -0.738586129747105 0.209793622552819 1
1.00070574754371 -0.57705613247764 0.163044079881722 1
1.08565429667884 -0.396653181386381 0.127566553150634 1
1.13799391078001 -0.201923104109448 0.105245311605937 1
1.15600731596753 -6.59177240680542E-06 0.0973755317223894 1
1.13797687323534 0.201953585319171 0.105252540582179 1
1.08562682402203 0.396735000881062 0.127578161791043 1
1.00068169931285 0.577113534705255 0.16305411008615 1
0.887338627742756 0.73859974457026 0.209800046375774 1
0.749795966160411 0.876702086811507 0.265935121458754 1
0.646104349584329 0.952290722782258 0.308105882806634 1
0.592293786146562 0.985742395807429 0.33 1
0.592293786146562 -0.985742395807429 0.293333333333333 1
0.646364082769487 -0.952258922137895 0.273870462371553 1
0.750408951165722 -0.876459025118751 0.236383486292005 1
0.888088863191176 -0.737908173924596 0.18648322004695 1
1.00127835476531 -0.576156064200536 0.144928071005975 1
1.08594613783255 -0.395793873640452 0.113392491689453 1
1.1380596997111 -0.20141488349227 0.093551388094166 1
1.15597408922057 -6.10089547958825E-06 0.0865560281976794 1
1.13804399103983 0.201443390823906 0.0935578138508254 1
1.08592042895441 0.395870741228606 0.113402810480927 1
1.0012547167492 0.576211405683103 0.144936986743244 1
0.888072106821054 0.737923429553998 0.186488930111799 1
0.750399076103272 0.876462755316254 0.236386774630003 1
0.646359939788979 0.952261484756756 0.273871895828119 1
0.592293786146565 0.985742395807427 0.293333333333333 1
0.592293786146562 -0.985742395807429 0.22 1
0.646875622170842 -0.95220024869896 0.205402846778665 1
0.751616620389892 -0.875978179888627 0.177287614719004 1
0.889557812468071 -0.736552262279578 0.139862415035213 1
1.00242356920851 -0.574355927646327 0.108696053254482 1
1.08652982013996 -0.394075258148595 0.0850443687670895 1
1.13819127757328 -0.200398442257913 0.0701635410706245 1
1.15590763572664 -5.11914162470983E-06 0.0649170211482596 1
1.13817822664879 0.200423001833376 0.0701683603881191 1
1.08650763881917 0.394142221923692 0.0850521078606952 1
1.00240075162191 0.5744071476388 0.108702740057433 1
0.889539064977648 0.736570799521475 0.139866697583849 1
0.751605295988992 0.875984092325748 0.177290080972502 1
0.646871120198278 0.952203008705752 0.20540392187109 1
0.592293786146571 0.985742395807424 0.22 1
0.592293786146562 -0.985742395807429 0.11 1
0.647642931272874 -0.952112238540557 0.102701423389332 1
0.753428124226146 -0.875256912043441 0.088643807359502 1
0.891761236383413 -0.734518394812052 0.0699312075176064 1
1.00414139087331 -0.571655722815015 0.0543480266272408 1
1.08740534360109 -0.391497334910809 0.0425221843835447 1
1.13838864436655 -0.198873780406378 0.0350817705353123 1
1.15580795548575 -3.64651084305834E-06 0.0324585105741298 1
1.13837958006225 0.198892418347581 0.0350841801940595 1
1.08738845361631 0.391549442966321 0.0425260539303476 1
1.00411980393097 0.571700760572345 0.0543513700287166 1
0.891739502212541 0.73454185447269 0.0699333487919247 1
0.753414625817573 0.875266097839988 0.0886450404862512 1
0.647637890812226 0.952115294629247 0.102701960935545 1
0.592293786146579 0.98574239580742 0.11 1
0.592293786146562 -0.985742395807429 0.0366666666666667 1
0.648154470674229 -0.952053565101621 0.0342338077964441 1
0.754635793450315 -0.874776066813318 0.0295479357865007 1
0.893230185660308 -0.733162483167035 0.0233104025058688 1
1.00528660531651 -0.569855586260806 0.0181160088757469 1
1.0879890259085 -0.389778719418951 0.0141740614611816 1
1.13852022222873 -0.197857339172022 0.0116939235117708 1
1.15574150199182 -2.66475698862401E-06 0.0108195035247099 1
1.13851381567121 0.197872029357051 0.0116947267313532 1
1.08797566348108 0.389820923661407 0.0141753513101159 1
1.00526583880368 0.569896502528042 0.0181171233429055 1
0.893206460369136 0.733189224440167 0.0233111162639749 1
0.754620845703294 0.874787434849482 0.0295483468287504 1
0.648149071221525 0.952056818578243 0.0342339869785149 1
0.592293786146584 0.985742395807416 0.0366666666666667 1
0.592293786146562 -0.985742395807429 0 1
0.648410240374906 -0.952024228382154 0 1
0.755239628062399 -0.874535644198256 0 1
0.893964660298755 -0.732484527344526 0 1
1.0058592125381 -0.568955517983702 0 1
1.08828086706221 -0.388919411673023 0 1
1.13858601115982 -0.197349118554844 0 1
1.15570827524486 -2.1738800611848E-06 0 1
1.1385809334757 0.197361834861786 0 1
1.08826926841346 0.38895666400895 0 1
1.00583885624003 0.56899437350589 0 1
0.893939939447433 0.732512909423905 0 1
0.755223955646154 0.874548103354229 0 1
0.648404661426175 0.952027580552741 0 1
0.592293786146587 0.985742395807414 0 1
