3
3 3
31 11
0 0 0 0 0.0500269146372449 0.10005382927449 0.133411 0.166767037895699 0.200124 0.233480246516908 0.266837 0.300193455138117 0.33355 0.366906663759326 0.400264 0.433619872380535 0.466977 0.500333081001744 0.533634 0.566935265166232 0.600236 0.63353744933072 0.666839 0.700139633495208 0.733441 0.766741817659696 0.800043 0.833344001824184 0.866645 0.899946185988672 0.949973092994336 1 1 1 1 
0 0 0 0 0.125 0.25 0.375 0.5 0.625 0.75 0.875 1 1 1 1 
0.557531063283288 1.00581266321031 0.93 1
0.539471784124757 0.973232861297637 0.923521695828623 1
0.503325114779452 0.908087603784618 0.910574028921912 1
0.45502221522547 0.821272546450512 0.893341838917906 1
0.412659875028045 0.745367222690209 0.878297018390558 1
0.376251694414072 0.680349913756494 0.86543091990818 1
0.339719244775901 0.615389242226094 0.852602364937071 1
0.303026475984682 0.550505623241707 0.839823410026687 1
0.266138386177506 0.485721328337845 0.827106477608929 1
0.228885721289117 0.421099800801421 0.814498696501981 1
0.191099671351861 0.356705254771009 0.802047345965695 1
0.152676839497556 0.29281496244659 0.789850966018508 1
0.113514788062603 0.229707819597822 0.778008409513573 1
0.0710943921496585 0.167912370661109 0.76709955603018 1
0.0228978759412271 0.107958903181203 0.757704567114506 1
-0.0345893100214503 0.0600179510904932 0.753391001884002 1
-0.104887038721288 0.034191460696439 0.757707261104358 1
-0.180906971657836 0.0223873644836548 0.767090212581891 1
-0.255624500886189 0.0165420247755243 0.777995797846698 1
-0.329871401723587 0.0141879927074868 0.789842891186885 1
-0.40447937990405 0.012857717603153 0.802050325369526 1
-0.479193231975724 0.0123284388241672 0.814509870963482 1
-0.553757267953949 0.012377413479669 0.827113221583704 1
-0.628248949777553 0.0128242986373571 0.83982071765783 1
-0.702744099947061 0.0134887498796828 0.852592422384385 1
-0.777267555544899 0.0143306258764149 0.865420790565011 1
-0.851843614949836 0.0153097801438732 0.87829818454222 1
-0.938846056820047 0.0165768603000917 0.893357786915961 1
-1.03806831475325 0.0181511529023351 0.910570362008051 1
-1.11257937910305 0.0194201452440628 0.923521540182511 1
-1.14982484942985 0.0200702674028762 0.93 1
0.557531063283288 1.00581266321031 0.905 1
0.538635300350037 0.975663645556666 0.898463500794707 1
0.500756282959295 0.915223970575705 0.885404580102271 1
0.450692852549213 0.833077468509088 0.867253213618857 1
0.407701779436145 0.759215540548431 0.850269430722218 1
0.371265532778915 0.694757429846509 0.8351178597516 1
0.33510145190678 0.629371441342112 0.819535251554677 1
0.299063249173228 0.56328239770616 0.803689783233049 1
0.263005673721219 0.49671699547696 0.787750076548453 1
0.226657210068721 0.429955911285492 0.771914897565473 1
0.189746777707221 0.363280613401558 0.756383199442475 1
0.152067278746131 0.297180014324309 0.741402579763917 1
0.113412552031848 0.232144710947911 0.727221025863514 1
0.0712621036581931 0.168904445559142 0.714547627868482 1
0.0230967778105894 0.108190736885927 0.704091806919509 1
-0.0345615369907778 0.059971572676555 0.699426310235675 1
-0.105196048325327 0.0341456808994223 0.704103165243383 1
-0.181868531065082 0.0227548231542942 0.714552677461759 1
-0.257705002220434 0.0178697352351048 0.727225809290699 1
-0.333366115713633 0.0169208716810329 0.741412588361564 1
-0.409512446618456 0.0173385790843757 0.756402992244763 1
-0.485759470418591 0.0187054875951576 0.771940458901799 1
-0.561722172475944 0.020604242983069 0.787768337399483 1
-0.637340012053219 0.0226572684523543 0.80369557967976 1
-0.712550784266151 0.0244869520845938 0.819530792976321 1
-0.787256336871543 0.0258559547373352 0.835110589256647 1
-0.861357976567279 0.0265269274240978 0.850271468141416 1
-0.946902213467248 0.0262262150061863 0.867270177494428 1
-1.04296609920212 0.0239466257800898 0.885402324848471 1
-1.11426685626575 0.0213609274074895 0.898464015358592 1
-1.14982484942985 0.0200702674028761 0.905 1
0.557531063283288 1.00581266321031 0.855 1
0.53710702777237 0.980274595046003 0.84831804288831 1
0.496038393739055 0.928769633575164 0.834981353789178 1
0.442260966463578 0.856294415512779 0.81503039317746 1
0.397055071522541 0.78817746828607 0.794361009223015 1
0.359299069450123 0.727026413732498 0.774892343140051 1
0.322262961910921 0.663576252454926 0.75412481386178 1
0.285677778563524 0.598291240887965 0.732519194046432 1
0.249275609659064 0.53163746330098 0.710536849174916 1
0.21267821883251 0.464160665075098 0.688660172326373 1
0.175507809504021 0.396407384863779 0.667371812345449 1
0.137447681143809 0.329120422234497 0.647197834981655 1
0.0981820758754418 0.263044294722935 0.628664839347241 1
0.0552855604699272 0.199141748017656 0.612720689841075 1
0.006334052162311 0.13837731141989 0.600313673068282 1
-0.0519797085624123 0.0901441808972889 0.5950072300067 1
-0.122969013766566 0.0637673581243229 0.600341238457892 1
-0.200094638066453 0.0517273427747689 0.61275272191928 1
-0.276881219753302 0.0465322697347211 0.628702245509128 1
-0.353744721096997 0.0455773638680896 0.647241740637631 1
-0.431101013314894 0.0462577407795341 0.667423072845107 1
-0.508404487763912 0.0479357876028177 0.688712613349683 1
-0.585109046428069 0.0499739165653758 0.710576622185654 1
-0.660975671038463 0.0517690062756314 0.732540866731741 1
-0.735763672216701 0.052717906478372 0.754130643228897 1
-0.809226462605478 0.0523578327595627 0.774890473541737 1
-0.881116920880326 0.0502260019221022 0.794364729783692 1
-0.962787259630962 0.0451312862230983 0.815049302854309 1
-1.05234096780308 0.0348088972874444 0.834981735855706 1
-1.11749668122949 0.0249911203202845 0.848319810607405 1
-1.14982484942985 0.0200702674028761 0.855 1
0.557531063283288 1.00581266321031 0.78 1
0.535078509722861 0.986733947002829 0.772899563197177 1
0.489727133261457 0.947762116204439 0.758765445010947 1
0.43002684071908 0.890403280778028 0.736382162114997 1
0.379752712791393 0.83392796561733 0.711509588784178 1
0.337712515188152 0.781729114243495 0.687314440293065 1
0.29643434655788 0.726264567121761 0.660996448080947 1
0.255643563570028 0.668048818263772 0.633319909893395 1
0.215066704463571 0.607597972770903 0.605049873820839 1
0.174343820128884 0.54554643572387 0.576958791913908 1
0.133115450514962 0.482529335082994 0.549819443075925 1
0.091078855071735 0.419361365631732 0.524440217276446 1
0.0479323375187577 0.356858829848168 0.501630182877129 1
0.00157141828508925 0.296025045382201 0.482559988640628 1
-0.050106950532878 0.237865015749975 0.468400794777831 1
-0.109975064483681 0.190600256001505 0.462566460418253 1
-0.180915193744643 0.162390080046306 0.46844494233099 1
-0.257166752101166 0.146685105509461 0.482620066697588 1
-0.333029893064812 0.136957149194712 0.501701588236944 1
-0.408731452580896 0.130856742593798 0.524519328392088 1
-0.484498168774137 0.126034325955087 0.549903027780133 1
-0.559720730484644 0.121830094712849 0.57703850137091 1
-0.633789352759676 0.117584308645833 0.605111430489347 1
-0.706375169662052 0.112663606954258 0.6333578077576 1
-0.777147711129229 0.106434743472339 0.661013023783492 1
-0.845815634425201 0.0984048930105337 0.687318489121041 1
-0.912087095009082 0.088081285469475 0.711515424803703 1
-0.986200345166014 0.0727709862429967 0.736403398226783 1
-1.06563600876255 0.049773367956455 0.758768501420679 1
-1.12207673562943 0.0299779652320591 0.772902609348419 1
-1.14982484942985 0.0200702674028759 0.78 1
0.557531063283288 1.00581266321031 0.705 1
0.533143688392027 0.993031011491464 0.697167701358663 1
0.48368769622916 0.966283786842035 0.68164038363696 1
0.417939603941855 0.924257726903084 0.657242639781701 1
0.361977310528173 0.880497798334611 0.63024033045285 1
0.314834662564044 0.838668409000637 0.604055470481926 1
0.268272683259177 0.792993839141486 0.575671296601467 1
0.222074381379042 0.743929138087069 0.545943831792155 1
0.176024098512301 0.691930697071243 0.51572990563697 1
0.1298435041129 0.637611887836983 0.485880208492064 1
0.083254820899151 0.581586708750617 0.45724577871019 1
0.0360325979608924 0.524632059628622 0.430705515326851 1
-0.0120474367973852 0.467526280674255 0.407139030664071 1
-0.062705480088621 0.411203572112953 0.387727944233544 1
-0.117660193512601 0.356599683764797 0.373654401843849 1
-0.179285464633646 0.310654561506121 0.367970483136802 1
-0.249969998655674 0.280253503680752 0.373703039497381 1
-0.324795808640563 0.259928028014527 0.387796623566592 1
-0.398901615807608 0.244222843334468 0.407221067773813 1
-0.472388298672685 0.231153199489859 0.430795361047129 1
-0.545356635259677 0.218734280198133 0.457338410234571 1
-0.617196785232116 0.206393508622927 0.485966766377186 1
-0.687298455173723 0.193558420413766 0.515796841578074 1
-0.755306085275347 0.179674800940459 0.545986080654871 1
-0.82086260607806 0.164188741321036 0.575691287483439 1
-0.883695083440627 0.146686778795605 0.604062022298235 1
-0.943530121221731 0.126755572804913 0.630247641605261 1
-1.00946626467209 0.100155787237787 0.657265275655729 1
-1.07865862672852 0.0642659881858876 0.681644109114714 1
-1.12656281202304 0.0348020354711716 0.69717108513507 1
-1.14982484942985 0.0200702674028761 0.705 1
0.557531063283288 1.0058126632103 0.63 1
0.531264251799051 0.999232146805517 0.621239124569848 1
0.477808935797653 0.984527157459005 0.603944632741616 1
0.405939194185488 0.957961784224935 0.577794726116181 1
0.343922289166334 0.927551945510443 0.549964220400547 1
0.291193515106398 0.896929769116852 0.523507563520429 1
0.238731940194295 0.862111747250638 0.49524434665107 1
0.186415657159898 0.823428650665734 0.465989367877717 1
0.134124260706687 0.781212291836163 0.436558224579866 1
0.0816984743990158 0.735990168901642 0.407746882223534 1
0.0289796480979496 0.68829029508088 0.380351644065053 1
-0.0241429448940505 0.638786936645091 0.355188958470098 1
-0.0777786984504436 0.588155599231091 0.333075952851837 1
-0.133226092125503 0.537196527532779 0.315072258701505 1
-0.19178195376683 0.486711356794614 0.302238001958006 1
-0.255284260784318 0.442293508058674 0.297130282947595 1
-0.325591183783452 0.409490230837783 0.302283539331836 1
-0.398665142336715 0.383979427005288 0.315137333562003 1
-0.470520696105222 0.361443252212956 0.333153953593332 1
-0.54117010571885 0.34032634865038 0.355274178050722 1
-0.610625531065659 0.319073321681108 0.380438710825796 1
-0.678313944803577 0.297263500731928 0.407827470575018 1
-0.743661890257907 0.274476381112212 0.436620242500498 1
-0.806324444365963 0.250301552885557 0.466028514127359 1
-0.865955285141239 0.224329131124482 0.495263150829432 1
-0.922337223671493 0.196289684442591 0.523514474400428 1
-0.97525265336674 0.165913978589202 0.54997260474307 1
-1.03264519338434 0.127389915766286 0.577818180065286 1
-1.09152021369686 0.0784796945614085 0.603947768544314 1
-1.13099333740785 0.0395298885459808 0.621242255411937 1
-1.14982484942985 0.0200702674028762 0.63 1
0.557531063283288 1.0058126632103 0.555 1
0.529401887963118 1.0054037112386 0.545230500027809 1
0.471979705122424 1.0026847400264 0.526016655399309 1
0.393965549503565 0.991619483080569 0.498221321057047 1
0.325781073139327 0.974755386217355 0.470092244798786 1
0.267317076343809 0.955598665705065 0.444062849222369 1
0.208766085542715 0.931965970185748 0.416810585457485 1
0.150112816081929 0.904043806307643 0.389054926285085 1
0.0913436599481587 0.872019412699828 0.361516110606083 1
0.0324299346016907 0.83631442640505 0.33488127327101 1
-0.0266563404472787 0.797350883288015 0.30983786395732 1
-0.0858996281984253 0.755680429101062 0.287085776043416 1
-0.145282898817874 0.711855737548572 0.2673255195842 1
-0.205671375299855 0.666523110964548 0.251440634126195 1
-0.267928508285534 0.620330076169682 0.24031510281197 1
-0.333344804707708 0.577503506306701 0.235956844635881 1
-0.40323650441177 0.542232863327522 0.240354451209128 1
-0.474458087841698 0.511362619197065 0.251497137719533 1
-0.543911442081186 0.481732275889141 0.267393515169094 1
-0.611531720065874 0.452235804169471 0.287160118850836 1
-0.677253974486224 0.421767168576451 0.309913420171183 1
-0.740553501996276 0.390077542438729 0.334950676170908 1
-0.800905194599927 0.356918319984209 0.361569020305278 1
-0.857986273421512 0.322042827440874 0.389087936878868 1
-0.911472676396809 0.285205143982695 0.416826330322163 1
-0.961214469137537 0.246299804279307 0.444069246754732 1
-1.00706134529257 0.205221617483124 0.470101538771835 1
-1.05579730653792 0.154577598387314 0.498245356379592 1
-1.10433216166347 0.0926074236686841 0.526018689315984 1
-1.13540673878135 0.0442280819648459 0.545233137623597 1
-1.14982484942985 0.0200702674028762 0.555 1
0.557531063283288 1.0058126632103 0.48 1
0.52755276182508 1.01155234730763 0.46915078957794 1
0.466188878317692 1.0207758051426 0.447882450809641 1
0.382012657648428 1.02524123698781 0.418536474148757 1
0.307573024383728 1.02207458459934 0.39057915827443 1
0.243258199841102 1.01458355371075 0.365597818286243 1
0.178470612262882 1.00239110930026 0.34014686310386 1
0.113310546331382 0.985523997736942 0.31480239667338 1
0.0478801423145311 0.964009380222508 0.290141232916227 1
-0.0177097408318327 0.938147535006443 0.266693627815616 1
-0.0833474642390824 0.908239019249098 0.244990117889423 1
-0.148882279842235 0.874697360890917 0.22556599452723 1
-0.214161782081033 0.83793689635289 0.208957078441705 1
-0.279608990087894 0.79843448842873 0.195822770582287 1
-0.345645026853295 0.756668052892036 0.186822847767858 1
-0.413003965309435 0.715482389708929 0.183367913898434 1
-0.482451278303573 0.677693868458035 0.186853264290269 1
-0.551742543589073 0.641329182764523 0.1958662921775 1
-0.618675883879365 0.604400610390782 0.209009768324742 1
-0.683118269069372 0.566266908631137 0.225623909725318 1
-0.744936569884264 0.526286860153798 0.245048883440693 1
-0.80366333225573 0.484398941229496 0.266747213300536 1
-0.858830722872995 0.440541905300983 0.290181313312162 1
-0.910147029567739 0.394648269018296 0.31482657813658 1
-0.957319376602404 0.346651536641912 0.340157885695161 1
-1.00027400807085 0.2966256656456 0.365602927731534 1
-1.03893684289874 0.244644967203161 0.390589216629933 1
-1.07892862772076 0.181729268260659 0.418560880643329 1
-1.11710562105397 0.106668488610346 0.447882927974539 1
-1.13980686271596 0.0489032781862394 0.46915272051987 1
-1.14982484942985 0.0200702674028762 0.48 1
0.557531063283287 1.0058126632103 0.405 1
0.525713038325793 1.01768469752952 0.393008955065631 1
0.460425329497675 1.03881962340599 0.369568018172213 1
0.370074506372417 1.0588374594645 0.338754234935767 1
0.289317504836111 1.06947600480039 0.311379715454341 1
0.219069739163102 1.07379288807937 0.287988961410546 1
0.147941013313239 1.07322176594761 0.265030029673341 1
0.0761535360945091 1.06761861767778 0.242893668701719 1
0.00393155388361816 1.05683951496447 0.221971260710903 1
-0.0684681774543123 1.04105236936506 0.202594192038474 1
-0.140788042780011 1.0204252488412 0.185094085363793 1
-0.212735727715484 0.995222555909038 0.169799640401964 1
-0.284017092421279 0.965709276370236 0.157039977004898 1
-0.354606596965832 0.932181825945792 0.147208368144454 1
-0.424476679254693 0.894937497963714 0.140698380187787 1
-0.493798611495117 0.855427991724084 0.138281236432029 1
-0.562780823221807 0.81508571353739 0.140717467736274 1
-0.630086408012404 0.773130695882325 0.14723505307422 1
-0.694416051643627 0.728758951745638 0.157072728883917 1
-0.75557488008496 0.681805004619386 0.169836276952017 1
-0.813367921622671 0.632103435682782 0.185131445804288 1
-0.867391311027453 0.579791004590393 0.202627912099583 1
-0.917240829750322 0.525004805333759 0.221995259840894 1
-0.962662169930385 0.467867522029707 0.242906667127677 1
-1.00339998251566 0.408503065848366 0.265034876681952 1
-1.03946302870351 0.347175795881313 0.287992105701221 1
-1.07085979208475 0.284150505465792 0.311390411255744 1
-1.10204518052082 0.20885535854611 0.338778828901181 1
-1.12985174229398 0.120682202489025 0.369566541064792 1
-1.14419755578409 0.0535621396686338 0.393009992850572 1
-1.14982484942985 0.0200702674028762 0.405 1
0.557531063283287 1.0058126632103 0.355 1
0.524490767598722 1.02176563629599 0.342216127803877 1
0.456595181902485 1.05082767289266 0.317266709349457 1
0.362122341417403 1.08122350514286 0.285516529262549 1
0.27712589547585 1.10111378018701 0.258739646259731 1
0.202886055700274 1.11336631109662 0.236685283259233 1
0.127483078378382 1.12062384208383 0.21573908651519 1
0.0512233014894738 1.12262357754509 0.196146874373855 1
-0.0255847767354406 1.11910259700115 0.178155037912544 1
-0.102584289124464 1.11013563691814 0.161941021818038 1
-0.179417455652778 1.09579750733299 0.14768247262025 1
-0.255694737773871 1.0762482633108 0.135549000920117 1
-0.331024658022187 1.05164839050856 0.125710553557549 1
-0.405079790484353 1.02216907613317 0.118361623676744 1
-0.477530602070354 0.987982266351564 0.113696935331951 1
-0.54817031273734 0.949605987281749 0.112040058180636 1
-0.616833178541018 0.907545133792162 0.113707250759549 1
-0.682790178573244 0.861820277181826 0.118375123185463 1
-0.745346541487372 0.812421496176046 0.125727656851814 1
-0.804269003369489 0.759505409717214 0.135568983845322 1
-0.859324203797634 0.703228716296008 0.147703215487637 1
-0.910153509701867 0.643865282820807 0.161959438927606 1
-0.956397952205153 0.581689349046558 0.178166661833918 1
-0.997830998373102 0.516955294210953 0.196151219943292 1
-1.03422515690137 0.449918886373897 0.215739077129453 1
-1.06564703956869 0.380976336640848 0.236686773003574 1
-1.09216301259847 0.310524344655027 0.25875070244888 1
-1.1174496007048 0.226927961193129 0.285541154754576 1
-1.13833691121987 0.130003469041684 0.317263727163973 1
-1.14712046024669 0.0566607307092435 0.34221647527145 1
-1.14982484942985 0.0200702674028762 0.355 1
0.557531063283288 1.0058126632103 0.33 1
0.523880170931623 1.02380517262968 0.316814266056632 1
0.454681670916516 1.05682899076701 0.291100249413804 1
0.358147103457871 1.09241506523408 0.258889135377778 1
0.271027371096798 1.11693737853677 0.232447117387773 1
0.194786789825995 1.13316588159718 0.211108528389747 1
0.117240697371708 1.14434811308212 0.191229273013361 1
0.0387378603777842 1.15016125934688 0.172979022429871 1
-0.0403707327446473 1.15028227292061 0.156527988268539 1
-0.119677795055631 1.14473867205882 0.141972961910274 1
-0.198775099887049 1.13355800702224 0.129410918461538 1
-0.277224132502934 1.1168475285018 0.11892824158154 1
-0.354584382330165 1.09471484110561 0.110611607304854 1
-0.43037711636191 1.06726788713938 0.104552436503966 1
-0.504121451779941 1.03461530832397 0.100842348425465 1
-0.575421217653676 0.996807662398876 0.0995773968728716 1
-0.643923223716413 0.953885465695676 0.100848067573345 1
-0.709202759546981 0.906270195850337 0.104559005258008 1
-0.770867687748684 0.854349592345966 0.110620480066064 1
-0.828665912646808 0.798441950897862 0.118939472271025 1
-0.882345242669734 0.738865657740966 0.129422947867441 1
-0.931570024033662 0.675963762502567 0.141983372544376 1
-0.976004275933499 0.610079706962432 0.156533139397056 1
-1.0154357159922 0.541534346816065 0.172978835139644 1
-1.04965114503139 0.470650007739404 0.191226707979056 1
-1.07874646327309 0.397889455843575 0.211109131483884 1
-1.10281734145355 0.323715972999618 0.232458342638794 1
-1.12515096468588 0.235962797009646 0.258913760523002 1
-1.14257792942417 0.134661389478613 0.291096479827785 1
-1.14858137216433 0.0582090903788884 0.316814252009689 1
-1.14982484942985 0.0200702674028764 0.33 1
