3
3 3
5 7
0 0 0 0 0.5 1 1 1 1 
0 0 0 0 0.25 0.5 0.75 1 1 1 1 
0.592293786146562 0.985742395807429 0.93 1
0.586499782818843 0.989087565188374 0.929999999999999 1
0.574912502683642 0.995777484493608 0.93 1
0.563325144579724 1.0024674488141 0.93 1
0.557531063283288 1.00581266321031 0.93 1
0.592293786146564 0.985742395807428 0.8525 1
0.586504708679624 0.989095957207948 0.852499999999999 1
0.574922220256001 0.995794345832631 0.8525 1
0.563329936291302 1.00247591813355 0.8525 1
0.557531063283286 1.00581266321031 0.8525 1
0.592293786146568 0.985742395807425 0.6975 1
0.586514560401187 0.989112741247097 0.697499999999999 1
0.574941655400721 0.995828068510678 0.697499999999999 1
0.563339519714459 1.00249285677245 0.6975 1
0.557531063283281 1.00581266321031 0.6975 1
0.592293786146574 0.985742395807421 0.465 1
0.586529337983531 0.989137917305819 0.465 1
0.574970808117801 0.995878652527748 0.465 1
0.563353894849195 1.00251826473079 0.465 1
0.557531063283275 1.00581266321031 0.465 1
0.592293786146581 0.985742395807418 0.2325 1
0.586544115565875 0.989163093364542 0.2325 1
0.574999960834881 0.995929236544818 0.2325 1
0.563368269983931 1.00254367268914 0.2325 1
0.557531063283269 1.00581266321032 0.2325 1
0.592293786146585 0.985742395807416 0.0775000000000002 1
0.586553967287438 0.989179877403692 0.0775000000000002 1
0.575019395979601 0.995962959222865 0.0775000000000001 1
0.563377853407089 1.00256061132804 0.0775000000000002 1
0.557531063283265 1.00581266321032 0.0775000000000002 1
0.592293786146587 0.985742395807414 0 1
0.586558893148219 0.989188269423267 0 1
0.575029113551962 0.995979820561889 0 1
0.563382645118667 1.00256908064749 0 1
0.557531063283263 1.00581266321032 0 1
