3
3 3
31 11
0 0 0 0 0.0500269146372449 0.10005382927449 0.133411 0.166767037895699 0.200124 0.233480246516908 0.266837 0.300193455138117 0.33355 0.366906663759326 0.400264 0.433619872380535 0.466977 0.500333081001744 0.533634 0.566935265166232 0.600236 0.63353744933072 0.666839 0.700139633495208 0.733441 0.766741817659696 0.800043 0.833344001824184 0.866645 0.899946185988672 0.949973092994336 1 1 1 1 
0 0 0 0 0.125 0.25 0.375 0.5 0.625 0.75 0.875 1 1 1 1 
0.592293786146562 -0.985742395807429 0.93 1
0.573108489619192 -0.953812700325773 0.923521695828623 1
0.534764376349491 -0.889936137654032 0.910574028921912 1
0.483731781044143 -0.804697070896783 0.893341838917906 1
0.439177012483952 -0.730057546241905 0.878297018390559 1
0.40107446156864 -0.666018482457774 0.865430919908181 1
0.363083094595499 -0.601900117243436 0.85260236493707 1
0.325238616661163 -0.537681437842864 0.839823410026687 1
0.287577816411761 -0.473343267520867 0.827106477608935 1
0.250240264378069 -0.408770749600663 0.814498696501992 1
0.213365976619181 -0.343849797431103 0.802047345965701 1
0.177246776338155 -0.278629502797697 0.789850966018507 1
0.142175413188343 -0.213160599966328 0.778008409513573 1
0.109869182527362 -0.145525734998775 0.767099556030181 1
0.0820462147490142 -0.073809593848411 0.757704567114507 1
0.069271725338184 -5.37543672942467E-05 0.753391001884002 1
0.0820541929162572 0.0737391097121394 0.757707261104358 1
0.109841512195545 0.145476350935571 0.767090212581891 1
0.142138064128731 0.213106299209396 0.777995797846699 1
0.177222862975185 0.278583017520865 0.789842891186886 1
0.213374800031042 0.343860559502309 0.802050325369526 1
0.250273357198594 0.408829292800464 0.814509870963483 1
0.287597788483512 0.473379154838552 0.827113221583704 1
0.325230643294445 0.537667401089575 0.83982071765783 1
0.363053650034631 0.601849867973945 0.852592422384385 1
0.401044463833557 0.665968135701111 0.865420790565012 1
0.439180466005868 0.730063320526193 0.878298184542221 1
0.483779010544889 0.804776105298964 0.893357786915961 1
0.534753516898022 0.889917954988845 0.910570362008052 1
0.573108028678067 0.953811933407928 0.923521540182511 1
0.592293786146563 0.985742395807429 0.93 1
0.592293786146562 -0.985742395807429 0.905 1
0.575631852425991 -0.954303676256527 0.898463500794707 1
0.542229067191375 -0.89127964743527 0.88540458010227 1
0.496119824774694 -0.806850193866236 0.867253213618857 1
0.453649055344804 -0.732687868434038 0.850269430722219 1
0.416044817325604 -0.668904097859359 0.835117859751601 1
0.377500930665304 -0.604892090867372 0.819535251554676 1
0.33828524133153 -0.540637569975411 0.803689783233049 1
0.298666699713935 -0.476128092520526 0.787750076548459 1
0.259024136646193 -0.411268857513216 0.771914897565483 1
0.21973685105455 -0.3459658364815 0.756383199442481 1
0.181331802528809 -0.280284133640672 0.741402579763917 1
0.14433694101916 -0.214290506641557 0.727221025863514 1
0.110644488837248 -0.146167014874689 0.714547627868483 1
0.0821475376920773 -0.0740977647725007 0.70409180691951 1
0.0692176739381899 -5.46173104275689E-05 0.699426310235675 1
0.0821690512510801 0.0740296097777589 0.704103165243383 1
0.110640520442783 0.146125356474174 0.714552677461759 1
0.14432814578272 0.214244210987669 0.727225809290699 1
0.181336962586768 0.280243089128433 0.741412588361564 1
0.219771873261824 0.345978892395316 0.756402992244763 1
0.259079162656877 0.411327297713798 0.7719404589018 1
0.298704884087057 0.476163549741618 0.787768337399483 1
0.338291776086711 0.54062400706019 0.80369557967976 1
0.377481714699587 0.604843604618717 0.819530792976321 1
0.416020082077406 0.668856009652372 0.835110589256648 1
0.453651981317256 0.732694425747579 0.850271468141417 1
0.496163675174094 0.806928264259259 0.867270177494428 1
0.542221435861539 0.891261824304955 0.885402324848472 1
0.575632533916158 0.954302940417422 0.898464015358592 1
0.592293786146563 0.985742395807429 0.905 1
0.592293786146562 -0.985742395807429 0.855 1
0.580389188108157 -0.955285628125027 0.84831804288831 1
0.556318900070129 -0.89396666701803 0.834981353789178 1
0.520442233721025 -0.811156439816105 0.81503039317746 1
0.48405417446497 -0.737948512783003 0.794361009223015 1
0.449973808789578 -0.674675328566166 0.774892343140051 1
0.413542411018578 -0.610876037941133 0.754124813861779 1
0.375296524188931 -0.5465498339767 0.732519194046432 1
0.33577374399265 -0.48169774215912 0.710536849174922 1
0.295635817976287 -0.416265072878175 0.688660172326382 1
0.255544960787792 -0.350197914024957 0.667371812345454 1
0.216302805987431 -0.28359339467905 0.647197834981655 1
0.1787120036129 -0.216550319265888 0.628664839347241 1
0.144819032502367 -0.147449573838248 0.612720689841076 1
0.11667124091586 -0.0746741057914038 0.600313673068283 1
0.104057004941598 -5.63423522832174E-05 0.595007230006701 1
0.116708658951166 0.0746106107380042 0.600341238457892 1
0.144844511946442 0.147423368339217 0.612752721919281 1
0.178738737562669 0.216520035269821 0.628702245509129 1
0.216343515495791 0.283563232990596 0.647241740637632 1
0.2556108852942 0.350215558738146 0.667423072845107 1
0.295715853696412 0.416323308000155 0.688712613349684 1
0.335833204486254 0.481732339908109 0.710576622185654 1
0.375321110082604 0.54653721926496 0.732540866731741 1
0.413536882352953 0.610831078082205 0.754130643228897 1
0.449956444559619 0.674631757651184 0.774890473541737 1
0.484055454035231 0.737956636225637 0.794364729783692 1
0.520478470190151 0.811232582168869 0.815049302854308 1
0.556315873230188 0.893949562916844 0.834981735855706 1
0.580391285681145 0.955284954429398 0.848319810607405 1
0.592293786146563 0.985742395807429 0.855 1
0.592293786146562 -0.98574239580743 0.78 1
0.586997410019507 -0.956758555940531 0.772899563197177 1
0.575922502746815 -0.897997196429168 0.758765445010947 1
0.55609844040724 -0.817615808760901 0.736382162114997 1
0.532326446755187 -0.745839479242068 0.711509588784179 1
0.508141014218698 -0.683332174450625 0.687314440293065 1
0.480746391717012 -0.61985195823424 0.660996448080947 1
0.450725465799586 -0.555418229497512 0.633319909893395 1
0.418661927475756 -0.490052215959128 0.605049873820844 1
0.385285162216507 -0.423759395086413 0.576958791913916 1
0.351324936995618 -0.356546029323687 0.54981944307593 1
0.317638168466947 -0.288557285055589 0.524440217276446 1
0.285082643453921 -0.219940036878095 0.501630182877128 1
0.255579500314884 -0.149373410845961 0.482559988640629 1
0.231050621577504 -0.0755386158073465 0.468400794777832 1
0.220052195906961 -5.89283750524611E-05 0.462566460418254 1
0.231091531515011 0.0754821136902923 0.46844494233099 1
0.255616403778577 0.149370387573615 0.482620066697589 1
0.285123316964921 0.219933773016387 0.501701588236944 1
0.317690989633158 0.288543449963872 0.524519328392088 1
0.351398012413023 0.356570559267901 0.549903027780134 1
0.385368322209114 0.423817324268062 0.57703850137091 1
0.41872567475356 0.490085525815061 0.605111430489347 1
0.450757130535398 0.555407038052751 0.6333578077576 1
0.48074904725694 0.619812288594675 0.661013023783492 1
0.508128954416414 0.683295379825012 0.687318489121042 1
0.532324178319097 0.745849952007081 0.711515424803703 1
0.55612169532789 0.817689059013252 0.736403398226783 1
0.575923005463476 0.897981170797599 0.758768501420679 1
0.587000047259444 0.956757975434571 0.772902609348419 1
0.592293786146563 0.985742395807429 0.78 1
0.592293786146562 -0.985742395807429 0.705 1
0.593418238501351 -0.958231483760562 0.697167701358663 1
0.594982458555649 -0.90202772585344 0.68164038363696 1
0.591460869171202 -0.824075177712795 0.657242639781701 1
0.581544806069954 -0.753730445678273 0.630240330452851 1
0.568890816264008 -0.691989020272683 0.604055470481926 1
0.552616468111488 -0.628827878414604 0.575671296601467 1
0.533224341509342 -0.564286624847499 0.545943831792155 1
0.511217512065832 -0.498406689525549 0.515729905636974 1
0.487266340565351 -0.431253716996685 0.485880208492071 1
0.462041453831851 -0.362894144261516 0.457245778710194 1
0.436328392297693 -0.293521175012795 0.430705515326851 1
0.410913354399449 -0.223329754020102 0.40713903066407 1
0.387465479621035 -0.151297247343233 0.387727944233545 1
0.367654481878113 -0.0764031252862942 0.37365440184385 1
0.358677474382639 -6.15138510262625E-05 0.367970483136802 1
0.367691653014963 0.0763536171794005 0.373703039497381 1
0.387502179736455 0.151317407318174 0.387796623566592 1
0.41095399441592 0.223347511232815 0.407221067773814 1
0.436378692260613 0.293523667356128 0.430795361047129 1
0.462107760959925 0.36292556015822 0.457338410234572 1
0.487340414259716 0.431311340833639 0.485966766377187 1
0.511275736781572 0.498438711955362 0.515796841578075 1
0.533255984672023 0.564276857011198 0.545986080654872 1
0.552622924038439 0.628793499219783 0.575691287483439 1
0.568882018556617 0.691959002061193 0.604062022298235 1
0.581538606731169 0.753743267811376 0.630247641605262 1
0.591470588419998 0.824145535850524 0.657265275655729 1
0.594985291732548 0.90201277866519 0.681644109114714 1
0.593420852832963 0.958230996435202 0.69717108513507 1
0.592293786146562 0.985742395807429 0.705 1
0.592293786146562 -0.985742395807429 0.63 1
0.599728297512113 -0.959704411583269 0.621239124569848 1
0.613721061176353 -0.906058255285477 0.603944632741615 1
0.626649643900715 -0.830534546668884 0.577794726116181 1
0.631322403558555 -0.761621412100965 0.549964220400548 1
0.631167207912506 -0.700645866057854 0.52350756352043 1
0.627244703922892 -0.637803798528323 0.495244346651069 1
0.619902301100519 -0.57315502009651 0.465989367877717 1
0.609487560125445 -0.506761162953895 0.436558224579869 1
0.596536946004929 -0.438748038730828 0.40774688222354 1
0.581587056669363 -0.369242258986013 0.380351644065056 1
0.565277187187315 -0.29848506472213 0.355188958470098 1
0.548247039537405 -0.22671947088417 0.333075952851837 1
0.531838885730926 -0.15322108353878 0.315072258701505 1
0.517395376177943 -0.0772676344478206 0.302238001958007 1
0.510679544299908 -6.40990037857336E-05 0.297130282947595 1
0.517424534398799 0.0772251209858267 0.302283539331836 1
0.531868509485529 0.153264427364291 0.315137333562003 1
0.548279386495497 0.226761249726983 0.333153953593332 1
0.565316316367855 0.298503884996045 0.355274178050722 1
0.581638367778553 0.369280561261672 0.380438710825796 1
0.596594715653533 0.438805357575171 0.407827470575018 1
0.609534463910949 0.506791898233598 0.436620242500498 1
0.619929725588568 0.573146676070518 0.466028514127359 1
0.627252368933311 0.637774709911471 0.495263150829432 1
0.631160465063863 0.70062262433423 0.523514474400429 1
0.631312046984567 0.761636583629177 0.549972604743071 1
0.626645499931735 0.830602012683593 0.577818180065286 1
0.613725516019855 0.906044386524999 0.603947768544314 1
0.59973055639351 0.959704017433149 0.621242255411936 1
0.592293786146562 0.985742395807429 0.63 1
0.592293786146562 -0.985742395807429 0.555 1
0.60600421101022 -0.961177339406802 0.545230500027809 1
0.632360604288646 -0.910088784719908 0.526016655399309 1
0.661784888483582 -0.836993915626267 0.498221321057047 1
0.681272390370277 -0.769512378519492 0.470092244798787 1
0.693914182151195 -0.709302711831655 0.44406284922237 1
0.70272316287211 -0.646779718621499 0.416810585457485 1
0.707868494355433 -0.582023415314393 0.389054926285086 1
0.709519134017165 -0.515115636339678 0.361516110606086 1
0.70805457151735 -0.446242360410677 0.334881273271015 1
0.703854290881028 -0.375590373644749 0.309837863957322 1
0.697388262843458 -0.303448954355057 0.287085776043417 1
0.689126601955708 -0.230109187662561 0.2673255195842 1
0.680061633954662 -0.155144919641317 0.251440634126196 1
0.671185858837248 -0.0781321435114997 0.240315102811971 1
0.666805109590044 -6.66840569120697E-05 0.235956844635881 1
0.671205686614294 0.0780966248900685 0.240354451209128 1
0.680082062691256 0.155211447503367 0.251497137719533 1
0.689148109783483 0.230174988306766 0.267393515169095 1
0.697413554944584 0.303484102712307 0.287160118850836 1
0.703888069712553 0.375635562430823 0.309913420171183 1
0.708093812195881 0.446299374370942 0.334950676170908 1
0.709552929482352 0.515145084554353 0.361569020305279 1
0.707890406381122 0.582016495160935 0.389087936878868 1
0.702731238177418 0.646755920623683 0.416826330322163 1
0.693909122021785 0.709286246618629 0.444069246754732 1
0.681257806792406 0.769529899451142 0.470101538771835 1
0.661766780328361 0.837058489515365 0.498245356379592 1
0.632366462307845 0.910075994382409 0.526018689315984 1
0.606006011932892 0.961177038430268 0.545233137623597 1
0.592293786146562 0.985742395807429 0.555 1
0.592293786146562 -0.985742395807429 0.48 1
0.612253649113643 -0.962650267230974 0.46915078957794 1
0.650923339663161 -0.914119314156195 0.447882450809641 1
0.696878627414615 -0.843453284584653 0.418536474148757 1
0.731356042633591 -0.777403344934789 0.390579158274431 1
0.75702603185485 -0.71795955759664 0.365597818286244 1
0.778860859050245 -0.655755638698747 0.34014686310386 1
0.796833544913698 -0.590891810508142 0.31480239667338 1
0.810916541601923 -0.52347010969246 0.290141232916229 1
0.821314468229254 -0.453736682048429 0.266693627815619 1
0.828231795497528 -0.381938488252496 0.244990117889425 1
0.831951275075857 -0.308412843928739 0.225565994527231 1
0.832755530050407 -0.233498904374522 0.208957078441705 1
0.83126904528086 -0.157068755671738 0.195822770582288 1
0.828116269463259 -0.0789966524993107 0.186822847767859 1
0.826127908103048 -6.9269032785757E-05 0.183367913898434 1
0.828125745225395 0.0789681288701535 0.186853264290269 1
0.831278636256927 0.157158467714519 0.1958662921775 1
0.832764224600921 0.233588726952932 0.209009768324742 1
0.831960662731733 0.308464320487762 0.225623909725318 1
0.82824607551327 0.381990563650916 0.245048883440693 1
0.821333454798894 0.453793391208769 0.266747213300536 1
0.810935842858747 0.523498270908077 0.290181313312162 1
0.796848941313269 0.590886314275461 0.31482657813658 1
0.778868725294011 0.655737131351809 0.340157885695161 1
0.757022365898983 0.717949868911837 0.365602927731534 1
0.73133717795532 0.777423215276335 0.390589216629933 1
0.696846476785268 0.843514966346132 0.418560880643329 1
0.650930431446836 0.914107602237959 0.447882927974539 1
0.612254912595602 0.962650059426745 0.46915272051987 1
0.592293786146563 0.985742395807429 0.48 1
0.592293786146562 -0.985742395807429 0.405 1
0.618484281940353 -0.964123195055601 0.393008955065631 1
0.669431519070529 -0.918149843593799 0.369568018172213 1
0.731942885188627 -0.849912653543752 0.338754234935767 1
0.781534636476966 -0.785294311347793 0.311379715454341 1
0.820397049898246 -0.726616403355363 0.287988961410547 1
0.855466806548404 -0.66473155876468 0.265030029673342 1
0.886508076414925 -0.599760205684748 0.242893668701719 1
0.913284090740651 -0.531824583021802 0.221971260710904 1
0.93581188726728 -0.46123100365628 0.202594192038476 1
0.954108209549547 -0.388286602824027 0.185094085363794 1
0.968255879694248 -0.31337673346034 0.169799640401964 1
0.978337312217551 -0.236888621039297 0.157039977004898 1
0.984596440698137 -0.158992591650935 0.147208368144454 1
0.987276947663208 -0.0798611614332335 0.140698380187787 1
0.98772167768892 -7.18539537877261E-05 0.138281236432029 1
0.987275345796048 0.0798396329041095 0.140717467736274 1
0.984594027085836 0.159105487976867 0.14723505307422 1
0.978331791268854 0.237002465646249 0.157072728883917 1
0.968247894470235 0.313444538305263 0.169836276952017 1
0.954101593932048 0.388345564907192 0.185131445804288 1
0.935809394374707 0.461287408076467 0.202627912099583 1
0.9132879134031 0.531851457285217 0.221995259840894 1
0.886516244648594 0.599756133407114 0.242906667127677 1
0.855474023806341 0.664718342091239 0.265034876681952 1
0.820394573164056 0.726613491211302 0.287992105701221 1
0.781511452273941 0.785316531103821 0.311390411255744 1
0.73189663647785 0.849971443176186 0.338778828901181 1
0.669439724287146 0.918139210092188 0.369566541064793 1
0.618484951526132 0.964123080422767 0.393009992850572 1
0.592293786146562 0.985742395807429 0.405 1
0.592293786146562 -0.985742395807429 0.355 1
0.622629613946936 -0.965105146938889 0.342216127803877 1
0.681745868773486 -0.920836863219459 0.317266709349457 1
0.755305851913869 -0.854218899516803 0.28551652926255 1
0.815029558361135 -0.790554955622101 0.258739646259731 1
0.862760481277307 -0.732387633858374 0.236685283259233 1
0.906747176141922 -0.670715505470235 0.21573908651519 1
0.946608886296683 -0.605672469128141 0.196146874373856 1
0.981963666811851 -0.537394231897529 0.178155037912545 1
1.01269780777976 -0.46622721804812 0.161941021818039 1
1.03869720658043 -0.392518679188824 0.14768247262025 1
1.05990570569297 -0.316685993129226 0.135549000920118 1
1.07626655104053 -0.239148432128012 0.125710553557549 1
1.08776428213637 -0.160275148947456 0.118361623676744 1
1.09438304218416 -0.080437500698378 0.113696935331951 1
1.09646806494047 -7.35772098777177E-05 0.112040058180636 1
1.09437373021547 0.0804206356175429 0.113707250759548 1
1.08775334282263 0.16040350150803 0.118375123185463 1
1.0762509250127 0.239278291462914 0.125727656851814 1
1.05988548081156 0.316764683535763 0.135568983845322 1
1.03867603488188 0.392582232427583 0.147703215487637 1
1.01268044638861 0.46628341933498 0.161959438927606 1
0.98195672948773 0.5374202482138 0.178166661833918 1
0.946611916594095 0.605669346169219 0.196151219943292 1
0.906753763692886 0.670705815922588 0.215739077129453 1
0.862758705556054 0.732389239413748 0.236686773003574 1
0.815003477264002 0.790578741656506 0.25875070244888 1
0.755250179574658 0.854275761062569 0.285541154754576 1
0.681754762380139 0.920826948661082 0.317263727163973 1
0.62262986231454 0.965105094419911 0.34221647527145 1
0.592293786146562 0.985742395807429 0.355 1
0.592293786146562 -0.985742395807429 0.33 1
0.624701202557401 -0.965596122880559 0.316814266056632 1
0.687899918001845 -0.922180373032365 0.291100249413804 1
0.766985646240609 -0.856372022503369 0.258889135377778 1
0.831782458700836 -0.793185277759123 0.232447117387773 1
0.883957045251945 -0.73527324910952 0.211108528389748 1
0.932414188016051 -0.673707478822364 0.191229273013361 1
0.976699938854205 -0.608628600848855 0.172979022429871 1
1.01635903624448 -0.54017905633405 0.156527988268539 1
1.05121166822522 -0.468725325242327 0.141972961910274 1
1.08107758068805 -0.394634717369148 0.129410918461538 1
1.1058303980879 -0.318340622961258 0.11892824158154 1
1.12534305346238 -0.240278337669666 0.110611607304854 1
1.139469661087 -0.160916427592782 0.104552436503966 1
1.1480638660428 -0.0807256703278628 0.100842348425465 1
1.15097136715125 -7.44388347790337E-05 0.0995773968728716 1
1.14805065745141 0.0807111369773459 0.100848067573345 1
1.13945439207258 0.161052508276544 0.104559005258008 1
1.12532229455883 0.240416204373948 0.110620480066064 1
1.10580396924816 0.318424756153422 0.118939472271025 1
1.08104905092244 0.394700566189852 0.129422947867441 1
1.05118680238177 0.468781424965948 0.141983372544376 1
1.01634666252958 0.540204643679433 0.156533139397056 1
0.976700359360625 0.608625952551253 0.172978835139644 1
0.932420435509364 0.673699552838911 0.191226707979057 1
0.883955608295049 0.735277113515329 0.211109131483884 1
0.831754926955239 0.79320984693298 0.232458342638794 1
0.766925258901325 0.856427920005719 0.258913760523002 1
0.687909148909476 0.922170817945453 0.291096479827785 1
0.624701237081468 0.965596101418457 0.316814252009689 1
0.592293786146562 0.985742395807429 0.33 1
